Player,Pos,90s,Touches,Def Pen,Def 3rd,Mid 3rd,Att 3rd,Att Pen,Live,Att,Succ,Succ%,-9999
Abner,DF,23.4,1480,84,432,737,321,23,1480,15,9,60.0,7f9c5d2d
Adryelson,DF,16.1,857,141,489,335,36,25,857,2,2,100.0,e980e78d
Adson,FWMF,13.8,820,10,83,379,372,45,820,77,43,55.8,eda38706
Airton,FW,19.3,659,19,106,235,338,71,659,62,31,50.0,751ef075
Carlos Alberto,FWMF,1.7,48,0,5,18,29,9,48,3,0,0.0,08f48d96
Yuri Alberto,FW,16.1,597,13,29,261,313,71,597,32,7,21.9,65159211
Ale,MF,21.4,1369,59,281,786,320,31,1369,29,14,48.3,b7d9347d
Alexandre Alemão,FW,22.3,750,11,44,336,380,115,750,82,58,70.7,3ed2a79b
Alerrandro,FW,10.3,270,9,21,112,139,49,270,9,5,55.6,3415a44d
Alesson,MFFW,11.4,439,4,57,178,212,37,439,51,19,37.3,611e984e
Alex,DF,3.7,207,39,112,94,2,2,207,1,0,0.0,7367baf7
Caio Alexandre,MF,11.0,707,24,162,476,75,9,707,8,3,37.5,08ac23b7
Matheus Alexandre,DF,15.6,868,56,295,399,181,7,868,18,10,55.6,0212e748
Alexsander,DF,2.5,179,9,58,69,55,5,179,13,4,30.8,b13e7a78
Alisson,MFFW,10.5,539,11,46,282,218,27,539,12,5,41.7,99139fa4
Allan,MF,30.4,2310,84,563,1468,298,9,2310,35,22,62.9,b15e93aa
Guilherme Almeida Augusto,DF,1.0,51,2,13,26,12,1,51,2,2,100.0,8eecd5f9
Henrique Almeida,FW,16.6,554,10,36,243,278,79,553,42,20,47.6,8aa2f2e3
Júnior Alonso,DF,28.9,2320,271,1042,1150,138,37,2320,10,9,90.0,b18a3023
Diego Alves,GK,4.7,108,94,108,0,0,0,108,0,0,,12421a7c
Felipe Alves Raymundo,GK,17.0,608,491,606,2,0,0,608,0,0,,7fbe8689
Felipe Alves Raymundo,GK,1.0,41,34,41,0,0,0,41,0,0,,7fbe8689
Rodrigo Alves Soares,DF,31.0,1903,109,672,834,413,16,1903,50,28,56.0,4c1b67d6
Anderson,GK,5.0,151,127,150,1,0,0,151,2,1,50.0,29d862d4
Thonny Anderson,MFFW,8.1,490,11,59,240,198,22,490,42,26,61.9,7a7c9837
André,MF,33.5,2767,134,762,1650,386,7,2767,102,73,71.6,ec604e2c
André,FW,8.1,256,4,16,136,109,22,255,22,8,36.4,13b52dec
Andrey,MF,0.3,8,0,4,2,2,0,8,0,0,,89c28d9f
Brayan Angulo,FWMF,5.3,161,5,15,85,63,21,161,3,2,66.7,37fdc62b
Apodi,MFFW,10.1,252,10,69,90,101,26,252,16,4,25.0,affbe6bc
Guilherme Arana,DF,19.1,1687,33,394,816,494,35,1687,27,17,63.0,2b15a82a
Willian Arão,MFDF,10.2,675,44,176,441,62,15,675,3,3,100.0,f47a530a
Michel Araujo,FWMF,0.9,100,1,20,48,34,4,100,8,7,87.5,1159e4ae
Robert Arboleda,DF,8.0,523,86,276,229,19,16,523,0,0,,269dbfc6
Jhon Arias,FWMF,29.6,2193,34,278,914,1031,90,2192,136,72,52.9,86d96066
Arthur,MFDF,2.0,132,6,26,52,55,2,132,10,2,20.0,8a958856
Arthur,FW,0.0,1,0,0,0,1,0,1,0,0,,e93fed32
Artur,FWMF,31.0,1512,16,149,547,837,106,1512,72,37,51.4,105132cd
Eduard Atuesta,MF,7.3,434,10,61,215,160,28,434,28,15,53.6,60990b81
Felipe Augusto,FW,0.8,8,0,1,5,2,0,8,0,0,,1f9cbd0b
Leo Augusto Pereira,FWMF,12.6,489,7,77,155,267,55,489,62,19,30.6,a3818875
Renato Augusto,MF,15.6,1205,18,106,681,428,35,1205,26,14,53.8,83a6367a
Auremir,MF,16.4,724,55,240,412,79,8,724,9,3,33.3,3a2e6d70
Auro,DF,4.3,259,11,60,119,81,5,259,4,2,50.0,b234cb0e
Danilo Avelar,DF,9.6,540,49,164,253,126,30,540,8,3,37.5,eacb45fd
Felipe Azevedo,MFFW,25.3,1185,28,183,456,570,98,1185,76,31,40.8,4a22b15a
Matheus Babi,FWMF,0.9,37,3,4,16,17,4,37,2,1,50.0,f48cff2c
Pedro Bahia,MF,0.3,,,,,,,,,,,3964a23d
Fabrício Baiano,FWMF,0.6,47,1,14,15,19,1,47,3,1,33.3,d8a48dad
Fabián Balbuena,DF,12.0,754,96,425,311,20,15,754,3,2,66.7,3626f7d9
Robson Bambu,DF,4.4,249,42,143,98,8,2,249,3,2,66.7,d4fa7d01
Léo Baptistão,FWMF,12.6,498,19,72,225,212,54,498,34,18,52.9,35f6db55
Gabriel Baralhas,MF,24.0,1410,44,356,843,227,32,1410,29,18,62.1,b7838aad
Danilo Barbosa,MF,1.8,113,15,27,73,13,2,113,6,3,50.0,0557ff4f
Gabriel Barbosa,FW,22.7,877,2,20,321,539,112,874,27,14,51.9,72d0e1b6
Lucas Barbosa,FWMF,8.6,447,17,93,194,168,31,447,18,5,27.8,a28eac7e
Danilo Barcelos,DFMF,11.4,573,43,173,234,172,13,573,5,1,20.0,26f4ef39
Leandro Barcia,FW,0.3,11,2,6,4,1,0,11,0,0,,11d91ea7
Barreto,MF,0.3,18,0,7,10,1,0,18,0,0,,de08d383
Fellipe Bastos,MF,9.6,717,33,163,427,141,5,717,15,11,73.3,9b99eae0
Ramiro Benetti,MFFW,6.1,352,6,73,202,80,6,352,6,2,33.3,96d14fe7
Martín Benítez,MF,8.4,587,7,64,258,275,20,586,35,19,54.3,c122e34e
Bento,GK,33.0,908,784,908,0,0,0,908,0,0,,5d699228
Lucas Beraldo,DF,1.4,94,7,29,60,6,1,94,1,1,100.0,b8aedf06
Eduardo de Biasi,MF,20.8,1030,20,144,638,267,21,1030,45,19,42.2,828a04fa
Pedro Bicalho,MF,0.0,4,0,1,2,1,0,4,0,0,,f35cb8a4
Raul Bicalho,DF,18.7,1270,116,645,599,34,14,1270,6,3,50.0,79af412b
Guilherme Biro,FW,1.2,46,0,3,24,19,1,46,0,0,,e38c2c76
Guilherme Biro,DF,8.2,448,25,168,198,84,4,448,6,5,83.3,02c7236e
Guilherme Bissoli,FW,27.1,800,28,63,383,365,78,792,36,15,41.7,c9024e62
Marcelo Boeck,GK,13.0,337,306,336,1,0,0,337,0,0,,069cb4f8
Vinícius Boff,MF,0.1,10,1,3,2,6,0,10,1,1,100.0,badaed00
Ângelo Borges,FWMF,17.0,761,4,70,349,375,50,761,144,86,59.7,737945d9
Daniel Borges,DF,20.8,1468,62,418,724,338,9,1468,29,13,44.8,71879f82
Douglas Borges,GK,1.0,26,22,26,0,0,0,26,0,0,,55196057
Marllon Borges,DF,33.4,1700,238,847,813,52,27,1700,11,7,63.6,d0b29bbd
Gabriel Boschilia,MFFW,0.6,57,1,5,34,18,0,57,1,1,100.0,e90af77c
Gabriel Boschilia,MF,5.3,236,5,31,120,88,5,236,7,2,28.6,e90af77c
Lucas Braga,FWMF,23.1,950,24,148,398,425,73,950,105,57,54.3,8a0a73ad
David Braz,DF,7.9,506,83,269,214,24,6,506,6,2,33.3,9313b408
Breno,FW,3.7,192,2,19,71,103,25,192,7,5,71.4,e0016d00
Bressan,DF,20.6,1214,213,645,553,19,8,1214,2,2,100.0,3db1684c
Emanuel Brítez,DF,20.0,907,106,375,429,111,16,907,13,5,38.5,fb29d05d
Bruninho,MFFW,1.3,69,0,4,43,23,3,69,9,3,33.3,f7a3e78a
Bruno,MF,0.4,17,0,0,11,6,0,17,2,1,50.0,ad8c3404
Fabrício Bruno,DF,13.0,849,107,412,423,19,8,849,1,1,100.0,470d197b
Ricardo Bueno,FW,9.0,379,15,42,194,146,43,377,19,13,68.4,768cbb2d
Vitor Bueno,MFFW,12.5,594,12,58,320,222,25,592,31,13,41.9,5752f96d
Busanello,DF,3.2,177,5,53,82,42,2,177,0,0,,788c4780
Fabricio Bustos,DF,29.7,1968,103,537,924,527,46,1968,33,15,45.5,82549f54
Nahuel Bustos,FW,3.2,102,0,5,48,50,11,102,5,3,60.0,8f774c7f
Daniel Cabral,FW,0.0,1,0,1,0,0,0,1,0,0,,c080bb5e
Patric Cabral Lalau,DF,19.1,1281,79,428,466,399,38,1281,20,8,40.0,16cd17b7
Raúl Cáceres,DF,18.0,975,53,251,386,344,37,975,7,1,14.3,6d9dc5be
Matheus Cadorini,FW,1.0,29,2,2,16,11,4,29,2,2,100.0,7f2b23f8
Matheus Cadorini,FW,3.5,131,4,8,61,63,22,131,5,1,20.0,7f2b23f8
Caetano,DF,24.6,1126,194,668,423,42,14,1126,3,1,33.3,226e5efd
Jonathan Cafu,DFMF,6.2,283,4,36,118,137,17,283,20,7,35.0,8d043f1d
Rodrigo Caio,DF,6.5,463,54,187,274,4,3,463,1,1,100.0,186ed8f1
Calebe,MFFW,2.9,205,5,34,124,52,11,205,6,5,83.3,c84af55e
Lucas Calegari,DF,7.3,484,17,132,222,133,9,484,25,8,32.0,a564fe91
Jonathan Calleri,FW,31.3,1029,52,75,408,559,211,1027,57,28,49.1,6922f806
Guilherme Camacho,MF,18.1,1149,59,298,741,119,8,1149,6,3,50.0,61a6775b
Nathan Camargo,MFFW,0.8,49,4,15,31,4,0,49,1,0,0.0,2c79da44
Camilo,MF,18.5,924,77,246,548,138,9,924,17,7,41.2,dfb81359
Camutanga,DF,0.8,64,7,32,31,2,1,64,1,1,100.0,c455a045
Luan Cândido,DF,29.2,1647,100,428,827,407,52,1645,22,10,45.5,ca151606
Germán Cano,FW,34.2,869,33,112,396,372,147,869,23,11,47.8,9ccf4e14
Agustín Canobbio,FW,15.6,604,11,84,252,280,43,604,40,18,45.0,4f5a2f38
Víctor Cantillo,MF,10.2,826,26,161,553,119,1,826,8,7,87.5,45075f2f
Capixaba,FWMF,18.4,682,23,173,264,259,32,682,60,18,30.0,ea2634a1
Juninho Capixaba,DF,32.3,2220,109,573,1030,659,45,2220,86,40,46.5,91ba7336
Gabriel Carabajal,MFFW,5.5,280,5,45,154,83,6,280,5,1,20.0,7a694ae4
Johnny Cardoso,MF,15.7,1009,43,195,617,209,38,1009,37,20,54.1,7426f085
Igor Cariús,DFMF,12.9,774,44,219,360,200,15,774,8,4,50.0,662475de
Joel Carli,DF,4.1,185,46,116,61,8,6,185,0,0,,00d6e369
Ed Carlos,MF,2.9,180,3,25,101,56,2,180,2,2,100.0,e93e479e
Jan Carlos Hurtado,FW,5.4,157,2,6,72,82,39,157,6,2,33.3,f50b0b2b
João Carlos,GK,10.6,282,254,282,1,0,0,282,0,0,,ad9e7995
Alan Carvalho,FWMF,0.4,17,0,2,11,4,1,17,0,0,,ebb2d232
Guilherme Carvalho,MF,7.6,408,14,72,238,105,11,408,11,7,63.6,a32d25d3
Guilherme Carvalho,MFDF,1.6,97,3,23,55,19,0,97,0,0,,a32d25d3
Cássio,GK,34.0,1025,881,1022,3,0,0,1025,0,0,,d42f6326
Luciano Castán,DF,35.0,1948,351,1092,819,52,30,1948,9,7,77.8,0470eeba
Iury de Castilho,FW,5.8,214,2,21,92,108,11,214,32,18,56.3,555311f2
Cauã,DF,0.5,23,0,11,10,2,0,23,1,1,100.0,3c48a088
Matheus Cavichioli,GK,25.0,846,750,840,6,0,0,846,1,1,100.0,8470f026
Brayan Ceballos,DF,11.9,609,63,249,307,60,17,609,9,5,55.6,3fa61ade
Murilo Cerqueira,DF,31.5,1926,223,911,955,70,47,1926,14,11,78.6,10fe831e
Reynaldo Cesar Moraes,DF,30.5,1189,238,794,377,22,14,1189,5,4,80.0,589d070c
Jhon Chancellor,DF,13.0,518,106,285,217,16,11,518,3,3,100.0,84b6acaa
Arthur Chaves,DF,16.5,981,143,513,452,20,12,981,4,2,50.0,913e4711
Renato Chaves,DF,1.8,60,15,39,15,6,4,60,0,0,,2a51efe8
Chico,MFFW,24.2,1279,30,213,642,442,28,1278,38,17,44.7,bad7d8a9
Christian,MF,4.8,228,8,40,120,69,9,228,8,3,37.5,a856b456
Diego Churín,FW,26.5,934,26,80,498,364,107,933,19,12,63.2,875ac6e9
Marcelo Cirino,FW,5.2,136,5,21,48,71,11,136,5,2,40.0,6ba81b35
Léo Cittadini,MFFW,8.0,383,11,74,218,92,14,383,5,1,20.0,68410185
Luccas Claro,DF,5.2,293,43,162,122,10,3,293,1,0,0.0,3cacc0ec
Clayton,FWMF,3.6,113,6,10,48,57,19,113,5,3,60.0,b05870de
Cléber,FW,10.9,398,13,36,173,196,60,398,17,9,52.9,e539e239
Jean Cléber,MF,9.6,510,16,103,298,120,15,510,18,9,50.0,16bf849a
Cleiton,DF,0.0,,,,,,,,,,,741c6251
Andrés Colorado,MF,3.4,205,12,56,126,26,4,205,2,2,100.0,f3afff11
Germán Conti,DF,18.4,914,148,519,361,40,27,914,2,1,50.0,7b18b6db
Jonathan Copete,FW,3.1,123,9,20,58,46,12,123,6,3,50.0,ce070a45
Bruno Cortez,DF,27.0,1730,91,471,994,299,11,1730,53,36,67.9,a3a1198a
Talles Costa,MF,6.1,313,5,55,177,87,8,313,13,7,53.8,d8f15d24
Lucas Crispim,DFMF,13.0,709,20,126,354,235,5,709,8,3,37.5,6501ff61
Daniel Cruz,FWDF,0.1,8,0,3,4,3,1,8,1,0,0.0,86a118c2
Tomás Cuello,FW,18.0,936,15,133,411,429,39,936,76,38,50.0,5c8615dd
Víctor Cuesta,DF,28.5,1642,224,843,741,75,31,1642,9,7,77.8,39fb428f
Andrés D'Alessandro,FW,0.8,64,0,5,38,21,1,64,1,1,100.0,6a11048a
Adailson Dadá,MFFW,27.9,1014,29,192,402,443,47,1014,85,40,47.1,2a75cc09
Daniel,GK,23.0,612,541,610,2,0,0,612,1,1,100.0,636fc976
Danilo,DF,2.6,81,20,51,26,5,5,81,1,0,0.0,415a34c5
Danilo,MF,30.5,1665,58,344,1069,273,24,1665,44,21,47.7,a816dbfb
David,MF,0.1,1,0,0,0,1,0,1,0,0,,16a42430
David,FW,9.1,337,7,30,136,179,38,337,24,11,45.8,92f9ace5
Kayke David,FWMF,0.3,26,0,0,14,12,0,26,3,0,0.0,2285358d
Giorgian De Arrascaeta,MF,16.4,1125,4,71,447,622,89,1125,52,29,55.8,be8d02dd
Denilson,MF,7.8,459,11,87,294,84,3,459,14,8,57.1,9144afdf
Dentinho,FW,0.6,30,0,6,17,8,0,30,2,2,100.0,85686f86
Dentinho,FWMF,3.2,149,5,21,67,65,7,149,14,7,50.0,aaacc628
Valentín Depietri,FWMF,2.6,157,1,12,66,81,17,157,16,7,43.8,d02cb5d7
Deyverson,FW,14.1,507,26,54,244,219,71,504,27,7,25.9,2e5e846d
Luan Dias,MFFW,8.6,421,14,72,212,143,8,421,27,16,59.3,a342ce1e
Matheus Dias,MF,1.2,53,4,16,34,4,0,53,0,0,,ddfa9005
Juan Díaz,MF,1.5,67,4,19,38,10,1,67,1,0,0.0,36839110
Diego,MFDF,2.3,101,3,20,46,35,2,101,1,1,100.0,cd09e9a1
Diego,GK,2.0,70,58,69,1,0,0,70,0,0,,6b023405
Diego,DF,19.1,1241,137,570,624,50,14,1241,11,10,90.9,7fb8f90c
Diego,MF,9.8,687,23,167,407,125,10,687,15,13,86.7,255a478a
Diego,GK,2.0,61,54,61,0,0,0,61,0,0,,6b023405
Dieguinho,MFDF,32.1,1554,123,463,716,412,24,1554,117,71,60.7,7e5a7340
Dodô,DF,10.1,564,20,139,259,167,17,564,6,3,50.0,99931185
Matheus Donelli,GK,2.0,50,44,50,0,0,0,50,0,0,,7c736064
Renan dos Santos,GK,16.0,482,440,482,0,0,0,482,0,0,,6bfaecc4
Douglas,DF,0.8,,,,,,,,,,,e7fea035
Rodrigo Dourado,MF,5.0,233,16,61,143,34,5,233,2,2,100.0,d7d05a22
David Duarte,DF,0.9,65,17,26,35,5,0,65,2,2,100.0,91bf16f7
Dudu,FW,31.3,1485,10,123,580,805,140,1485,126,54,42.9,895ef5ec
Dudu,DF,1.2,56,4,26,26,5,0,56,2,1,50.0,3f10ae0b
Pablo Dyego,FW,5.4,200,10,47,83,72,6,200,16,6,37.5,fce54d7d
Edenílson,MF,24.3,1367,41,209,779,394,35,1364,39,17,43.6,4e50f20e
Eder,DF,32.7,1470,252,831,622,37,15,1470,13,8,61.5,ba1a2c4c
Éder,FWMF,7.4,210,2,13,86,115,29,209,10,3,30.0,5a325298
Edinho,MF,4.1,,,,,,,,,,,a8cedcd9
Edson,MFDF,9.1,576,34,157,273,154,12,576,17,10,58.8,644d4d85
Edson,DFMF,15.8,1055,168,546,478,33,7,1055,5,1,20.0,041250aa
Carlos Eduardo,MF,12.2,616,18,75,385,162,40,616,26,16,61.5,1a234d32
Carlos Eduardo,FWMF,10.0,322,10,41,137,151,24,322,34,15,44.1,27c23008
Elton,MF,12.9,663,47,218,381,71,12,663,5,3,60.0,42b5868b
Leandro Emmanuel Martínez,MF,2.9,193,4,20,99,77,9,193,7,6,85.7,74758396
Alan Empereur,DF,24.7,1259,187,637,603,36,10,1259,7,4,57.1,825b8997
Endrick,FW,3.4,67,0,2,15,50,27,67,5,4,80.0,a2728fbf
Erick,MF,20.5,932,68,240,563,136,25,932,35,17,48.6,8a826636
Erick,FWMF,11.7,594,7,46,224,332,40,593,71,31,43.7,8edcad0d
Erison,FW,16.5,388,11,16,154,226,77,387,40,21,52.5,a9c450cb
Estevão,FWMF,1.2,60,0,9,30,21,3,60,4,2,50.0,149f4681
Lucas Evangelista,MF,29.0,1559,56,267,887,420,50,1557,39,27,69.2,5f4ce4b6
Everaldo,MFFW,21.0,1084,7,114,388,602,75,1083,71,28,39.4,bdb57777
Éverson,GK,37.0,1224,1079,1215,10,0,0,1224,0,0,,a59c090b
Éverton,MFFW,4.4,202,3,35,113,59,4,202,9,3,33.3,f50a3570
Fabinho,MF,0.8,64,1,9,48,7,0,64,0,0,,ff0e595c
Fábio,FWMF,1.5,44,0,1,14,29,7,44,4,3,75.0,30f90535
Fábio,GK,38.0,1035,931,1032,4,0,0,1035,0,0,,15825726
Fabrício,FWMF,16.7,682,10,105,318,275,47,682,81,46,56.8,0211a29e
Fagner,DF,10.0,838,31,217,402,230,5,838,15,8,53.3,a9cc58fe
Willian Farias,MF,17.7,985,42,235,673,92,3,985,25,19,76.0,d1fcff2f
Lucas Fasson,DF,0.8,59,3,35,25,0,0,59,1,0,0.0,31ecbf29
Felipe,MF,9.8,621,25,115,407,103,8,621,7,5,71.4,cadbabf9
Luis Felipe,DF,10.9,,,,,,,,,,,746c8624
Matheus Felipe,DF,19.8,822,135,392,410,25,8,822,1,1,100.0,90749ab9
Lucas Fernandes,MF,18.6,1212,14,95,730,408,15,1212,58,24,41.4,a109d777
Matheus Fernandes,MF,7.6,356,25,107,187,69,3,356,13,10,76.9,f76fdcd2
Gatito Fernández,GK,31.2,881,747,874,8,0,0,881,0,0,,9a82f79a
Ignacio Fernández,MF,24.7,1686,14,147,821,738,60,1684,34,17,50.0,97a17c0b
Rodrigo Fernández,MF,25.7,1529,56,343,1052,165,5,1529,48,27,56.3,617ee116
Fernandinho,MF,10.8,654,15,84,442,136,12,654,22,10,45.5,101da2b5
Derick Fernando,DF,0.2,11,2,5,5,1,1,11,0,0,,a19d96f6
Luiz Fernando,FWMF,19.4,746,29,123,299,328,94,746,53,20,37.7,824ed016
Nahuel Ferraresi,DF,7.9,572,66,277,282,14,7,572,6,3,50.0,719aab45
Luiz Filipe,MFFW,0.4,15,0,3,5,7,1,15,1,0,0.0,4a615e0b
Flávio,MF,0.3,30,1,9,17,4,1,30,0,0,,f0367bfd
Rafael Forster,DF,18.1,1121,174,705,386,48,13,1121,15,10,66.7,eb3f56e5
Matheus França,FWMF,7.5,344,11,39,144,167,45,344,28,16,57.1,077faf72
Fred,FWMF,1.4,66,3,6,27,34,8,66,4,3,75.0,acaeba74
Marlon Freitas,MF,27.5,2074,76,431,1220,436,29,2072,11,9,81.8,ae3181de
Douglas Friedrich,GK,10.4,291,237,290,1,0,0,291,0,0,,8789242d
Gabriel,MF,0.5,16,0,1,11,4,1,16,1,0,0.0,135d500d
Gabriel,MF,23.8,1678,56,349,1125,218,8,1678,10,4,40.0,e9c0d5d8
Gabriel,GK,13.0,413,343,410,3,0,0,413,0,0,,f93ed0df
Gabriel,MF,8.3,546,19,92,327,130,10,546,18,8,44.4,0d10333c
Eduardo Gabriel,DF,33.0,1882,296,949,887,50,34,1882,8,6,75.0,aed65960
Luiz Gabriel,FWMF,1.1,72,2,14,45,13,1,72,4,1,25.0,f9c619e0
Marquinhos Gabriel,MFFW,8.4,297,8,38,150,117,14,297,18,11,61.1,fcd113c4
Vitor Gabriel,FWMF,8.6,284,18,45,114,130,57,284,20,4,20.0,094c2abd
Matías Galarza,MF,6.7,365,5,53,205,110,7,365,12,4,33.3,8e97a57b
Matheus Galdezani,MF,3.2,195,6,34,91,71,9,195,13,7,53.8,5042eb90
Thiago Galhardo,FWMF,15.0,536,20,65,237,241,54,535,43,24,55.8,766f48dd
Giuliano Galoppo,MF,7.9,398,7,55,200,145,29,398,9,3,33.3,a8eeadaf
Léo Gamalho,FW,18.4,467,14,36,228,205,66,465,5,1,20.0,f73056ee
Ganso,MFFW,27.5,2268,34,312,1243,735,33,2265,50,34,68.0,23593121
García,DFMF,1.1,84,2,26,35,23,4,84,0,0,,45d071f4
Bryan García,MF,3.1,168,8,39,100,32,0,168,6,4,66.7,7b66d351
Luan Garcia,DF,13.6,782,79,356,404,27,12,782,1,0,0.0,6ebe6cc1
Gaspar,FW,0.4,21,1,6,3,12,3,21,0,0,,996af9a5
Rafael Gava,MF,22.7,1193,31,181,569,454,40,1193,13,9,69.2,713e1a36
Lucas Gazal,DF,14.5,746,150,409,300,41,15,746,5,2,40.0,dcae46d5
Guilherme Gehring,MF,0.1,2,0,0,2,0,0,2,0,0,,37faab98
Geovane,MF,6.1,333,6,57,202,76,6,333,4,2,50.0,099a14d5
Gil,DF,22.7,1412,164,740,633,44,29,1412,4,1,25.0,31edef00
Giovane,FWDF,3.3,150,3,15,75,60,11,150,15,5,33.3,1b567cdc
Giovani,FWMF,0.4,24,0,0,9,15,1,24,2,0,0.0,a199bd5f
Glédson,GK,5.0,134,121,134,0,0,0,134,1,1,100.0,a9d625f5
Diego Godín,DF,1.0,84,9,37,47,0,0,84,0,0,,fc4f85b1
Bruno Gomes,MF,16.6,896,24,161,510,236,19,896,40,20,50.0,76f2bbf8
Igor Gomes,MF,22.9,1205,22,160,621,436,54,1205,39,17,43.6,6a7fb945
Igor Gomes,DF,1.3,103,6,23,66,14,2,103,3,1,33.3,509d5b3d
João Gomes,MF,20.9,1310,42,231,748,352,22,1310,37,24,64.9,8b57ad2c
Gustavo Gómez,DF,30.0,1772,219,907,773,100,41,1771,4,3,75.0,d5ce52a5
Aloísio dos Santos Gonçalves,FWMF,10.5,358,8,43,130,188,55,357,20,5,25.0,9851b2e0
Diego Gonçalves,FW,5.4,252,5,29,104,120,19,250,14,4,28.6,c707fc37
Matheus Gonçalves,FW,0.3,26,0,3,7,16,1,26,1,0,0.0,071a6836
Ricardo Goulart,MFFW,4.5,190,7,14,88,88,16,190,5,2,40.0,f053730b
Daniel Guedes,DFMF,8.8,564,15,139,227,206,5,564,28,10,35.7,25f61bc3
Roger Guedes,FWMF,28.3,1334,20,116,586,649,109,1333,75,29,38.7,612a9dd7
Paolo Guerrero,FW,4.8,183,5,11,94,80,26,183,11,7,63.6,ae6657a1
Guga,DF,18.6,1358,34,287,638,446,18,1358,15,8,53.3,6975a3e1
Marcos Guilherme,FWMF,6.4,333,2,32,158,144,15,333,7,4,57.1,d5ff6084
Marcos Guilherme,MF,0.3,21,1,5,13,3,0,21,0,0,,d5ff6084
Gustavinho,MF,4.3,249,4,22,121,107,6,249,23,14,60.9,69896b0e
Habraão,DF,2.4,132,30,70,57,7,6,132,1,1,100.0,1e329d13
Lucas Halter,DF,1.1,72,8,34,35,3,1,72,1,1,100.0,7aa882a2
Lucas Halter,DF,11.9,532,100,328,189,16,9,532,1,0,0.0,7aa882a2
Hayner,DF,15.3,846,56,243,322,292,29,846,55,26,47.3,246c7429
Heitor,DF,4.4,250,9,68,131,52,3,250,2,1,50.0,e0839492
Thiago Heleno,DF,12.7,718,69,323,377,22,15,717,1,0,0.0,827422f9
Helinho,FWMF,19.0,995,31,137,439,436,49,994,58,34,58.6,5837cb60
Henrique,DF,17.9,1012,159,527,457,35,13,1012,2,0,0.0,429163de
Arthur Henrique,DF,10.7,675,37,218,272,196,11,675,32,16,50.0,ae46bd26
Bruno Henrique,FWMF,6.8,304,9,27,105,179,43,304,19,8,42.1,5edff24f
Daniel Henrique,FW,0.3,6,0,0,2,4,2,6,1,0,0.0,1ef923db
Gustavo Henrique,DF,3.8,246,51,145,93,9,6,246,0,0,,fa066690
Luis Henrique,FWMF,2.9,138,2,17,61,66,2,138,7,3,42.9,f36d5624
Luiz Henrique,FWMF,11.7,567,9,80,231,259,52,567,48,25,52.1,8059806f
Paulo Henrique,DFMF,16.7,836,40,268,310,278,26,836,84,47,56.0,25a0cb08
Pedro Henrique,DF,25.6,1406,258,733,641,39,17,1406,2,0,0.0,4322e5d7
Pedro Henrique,FWMF,17.7,752,15,97,244,429,90,750,56,26,46.4,460976a2
Hércules,MFFW,15.2,741,20,144,426,184,17,741,29,20,69.0,eadc7b45
Nicolás Hernández,DF,18.0,857,109,419,429,17,5,857,3,1,33.3,86046c18
Hugo,DFMF,7.8,456,38,167,207,87,11,456,2,0,0.0,bd2593f3
Hugo,DFMF,12.2,764,28,194,367,206,16,764,26,11,42.3,de3dc682
José Hugo,FWMF,4.4,181,4,37,71,79,16,181,18,5,27.8,d0f01217
Victor Hugo,MF,13.9,668,26,120,370,188,30,668,36,20,55.6,33fca7f7
Vitor Hugo,FW,0.0,3,0,0,0,3,0,3,0,0,,217f53a6
Hulk,FW,23.2,925,15,24,345,573,121,923,88,47,53.4,33a1f72e
José Hurtado,DF,6.6,423,23,103,186,137,6,423,14,8,57.1,cb067e96
Hyoran,MF,14.2,633,10,54,263,326,43,633,23,6,26.1,ffb88c28
Igor,MFFW,0.3,11,2,3,7,1,0,11,0,0,,fb19d550
André Inácio,FW,0.5,21,0,0,6,16,4,21,3,1,33.3,cc77d69c
Mauricio Isla,DF,3.8,215,6,50,90,77,6,215,2,2,100.0,de4517dd
Jadsom,MF,14.1,876,47,234,559,91,1,876,20,12,60.0,92859e80
Jadson,MF,29.1,1579,36,359,935,302,16,1579,37,23,62.2,05748af4
Jailson,GK,12.0,342,278,341,1,0,0,342,0,0,,01f7b8c3
Jair,MF,23.0,1338,23,187,815,349,49,1338,27,15,55.6,f3466edc
Jandrei,GK,18.3,722,538,704,18,0,0,722,0,0,,85ea4399
Vinícius Jaú,MF,0.1,7,0,0,2,5,1,7,3,1,33.3,192d3898
Pablo Javier García,FW,0.1,1,0,1,1,0,0,1,0,0,,895321cd
Jean,MF,13.1,603,62,245,289,75,9,603,4,3,75.0,69a34ec0
Jefferson,DF,25.3,1748,99,647,776,350,20,1748,23,11,47.8,9df5f945
Jefferson,FW,17.8,846,7,87,360,423,63,846,142,74,52.1,45cce300
Jemerson,DF,11.1,663,58,324,334,9,3,663,0,0,,7cab69b5
Jenison,FW,3.6,125,5,11,62,52,11,125,2,1,50.0,767e6b7f
Alexandre Jesus,MFDF,0.7,50,1,7,15,30,7,50,6,1,16.7,25a323f3
Jô,FW,8.7,254,17,27,114,114,43,253,3,3,100.0,e47d11f8
Jô,FW,2.2,74,7,10,31,33,6,74,1,1,100.0,e47d11f8
Joaquim,DF,23.9,1285,210,675,546,75,35,1285,12,6,50.0,69e5e199
John,GK,1.0,31,29,31,0,0,0,31,0,0,,33a235af
Jonas,MF,0.3,14,0,1,6,7,0,14,0,0,,32794a5b
Felipe Jonatan,DF,23.0,1625,96,490,853,315,6,1625,49,25,51.0,0102ca7f
Jonathan,DF,0.5,42,0,6,32,4,0,42,0,0,,f3f60814
Jorge,DF,5.2,325,14,88,150,87,3,325,12,7,58.3,13c44fc5
Jorginho,MF,18.2,1127,33,149,553,443,68,1127,56,36,64.3,1f809750
Jhojan Julio,FWMF,9.2,423,6,60,196,173,36,423,23,15,65.2,b1fc89f5
Juninho,MF,0.2,15,0,3,9,3,0,15,1,0,0.0,2cc16e46
Juninho,MF,34.5,1547,77,297,762,526,97,1547,76,40,52.6,7d10ca2e
Renato Junior,FWMF,5.5,198,6,31,91,82,18,198,20,10,50.0,80b72720
Jussa,MFDF,7.0,331,17,54,215,70,7,331,11,8,72.7,883f5dc8
Kaiky,DF,1.0,48,4,29,19,0,0,48,0,0,,55634fb8
Lucas Kal,MF,24.0,1176,80,314,690,184,22,1176,19,8,42.1,33ed689d
Kanu,DF,16.1,903,129,484,399,22,13,903,5,5,100.0,fefa9b9a
Alan Kardec,FWMF,2.9,68,2,3,28,38,20,68,0,0,,e7fba767
Kauan,FW,0.3,9,1,1,5,4,1,9,0,0,,34375e0b
Kawê,MFFW,0.3,9,0,2,1,6,2,9,0,0,,f1bca9ec
Kayque,MF,3.1,160,2,23,104,33,3,160,14,10,71.4,54b980d6
Renato Kayser,FW,1.8,51,1,7,25,21,6,51,6,4,66.7,c7495dda
Gabriel Kazu,MF,0.0,7,0,1,5,1,0,7,0,0,,42430d76
Keiller,GK,15.0,396,356,396,0,0,0,396,0,0,,e38fde76
Thalisson Kelven,DF,20.0,979,225,679,281,22,16,979,1,0,0.0,18e87471
Kelvi,MF,0.5,10,0,2,8,0,0,10,0,0,,33143d85
Kelvin,MFFW,3.4,228,4,17,74,140,16,228,18,8,44.4,b8dab818
Kelvyn,FWDF,0.6,43,1,3,26,14,0,43,1,0,0.0,8b992778
John Kennedy,FWMF,1.6,58,0,2,13,43,15,58,10,3,30.0,132880e0
Keno,FWMF,20.6,1009,9,79,352,595,78,1009,110,51,46.4,98558c11
Kevin,DF,29.2,2222,127,667,996,583,21,2221,31,14,45.2,1f07666f
Khellven,DF,23.4,1385,85,400,565,436,13,1384,36,13,36.1,cf18ab1b
Willian Klaus,DF,6.0,376,69,204,156,17,9,376,0,0,,ddc86898
Willian Klaus,DF,1.0,24,9,20,4,0,0,24,0,0,,ddc86898
Benjamín Kuscevic,DF,3.3,149,15,78,68,4,2,149,1,1,100.0,9edddc34
Gabriel Lacerda,DF,20.0,1039,162,522,489,37,18,1039,6,4,66.7,0664b5a6
Anthony Landazuri,DF,5.8,339,18,87,168,86,7,339,7,4,57.1,b3a267f0
Thauan Lara,DFFW,3.8,191,8,69,94,28,2,191,7,2,28.6,c4dba1f3
Lázaro,FWMF,9.1,444,5,43,163,249,46,444,30,18,60.0,86ff856b
Anderson Leite,MF,0.8,42,4,14,24,4,1,42,0,0,,9981c92d
Vinícius Leite,MF,1.5,82,2,12,60,11,0,82,1,1,100.0,e991fbd7
Bernardo Lemes,MFFW,10.5,493,30,110,291,100,5,493,14,6,42.9,1ee9a3b6
Marcos Leonardo,FW,32.0,688,34,48,285,363,139,686,45,21,46.7,3f47ebce
Vitor Leque,MFDF,0.6,27,0,2,12,14,2,27,1,1,100.0,6ba15719
Lima,FWMF,21.5,1184,22,159,645,392,43,1182,54,29,53.7,d215c7de
Anderson Lima,MFFW,2.3,124,0,13,67,44,13,124,4,1,25.0,59be3a74
Lucas Lima,DFMF,1.4,97,2,16,33,49,6,97,4,3,75.0,c4c45622
Lucas Lima,MFFW,13.0,752,6,76,366,315,30,752,18,10,55.6,49d03337
Rodrigo Lindoso,MF,9.6,588,28,146,366,82,12,588,6,2,33.3,7b013540
Liziero,MF,5.6,365,16,87,243,39,4,365,10,7,70.0,318ecb8c
David Loiola,DF,4.4,195,36,113,73,9,4,195,1,1,100.0,eddf365e
Marcelo Lomba,GK,3.0,119,112,119,0,0,0,119,0,0,,e4835e3c
Kevin Lomónaco,DF,12.4,756,79,323,411,31,5,756,4,4,100.0,dd5ddb83
José López,FW,6.1,180,6,13,80,90,36,180,8,5,62.5,e1426a52
Henrique Lordelo,MFDF,1.4,63,3,19,38,10,0,63,1,1,100.0,b63394ba
Guillermo de los Santos,DF,10.5,549,111,294,233,28,10,549,2,1,50.0,1ac629b0
Luan,MF,1.8,123,2,34,70,19,0,123,0,0,,12a226cf
Luan,MF,0.5,30,0,5,16,9,0,30,3,2,66.7,22fc8906
Lucão,GK,1.0,45,35,45,0,0,0,45,0,0,,ebb5a0df
Lucas,DF,16.2,1147,42,256,521,388,15,1147,49,19,38.8,5d68f5b2
Ayrton Lucas,DF,28.4,1951,97,573,905,501,35,1951,82,37,45.1,db90b737
João Lucas,DFMF,23.8,1391,66,434,603,368,24,1391,24,6,25.0,289dc81e
Luciano,FW,22.6,972,14,89,515,377,81,969,37,26,70.3,24ce161c
André Luis,FWMF,20.4,656,8,99,261,306,61,656,48,17,35.4,821097f7
Filipe Luís,DF,7.1,632,21,112,344,183,7,632,8,5,62.5,e4ed2628
Victor Luis,DF,15.7,1088,51,285,588,223,3,1088,15,6,40.0,cc68c4d3
David Luiz,DF,15.8,1158,115,432,663,69,20,1158,4,2,50.0,c0e27d1a
Luizão,DF,11.0,646,86,309,330,12,5,646,3,1,33.3,fb02fba4
Vinícius Machado,GK,2.0,40,40,40,0,0,0,40,1,1,100.0,0d9b2e53
Mádson,DF,23.8,1263,97,372,623,272,35,1263,7,1,14.3,766094be
Maguinho,DFMF,21.6,1001,84,351,414,249,23,1001,45,16,35.6,d1c855c5
Gustavo Maia,FW,0.2,8,0,0,3,5,1,8,0,0,,b36fed1d
Leonardo Maia,MF,0.3,,,,,,,,,,,a6f491e2
Pablo Maia,MF,22.8,1602,64,376,998,244,6,1602,14,9,64.3,3a243771
Thiago Maia,MF,17.2,1323,46,291,811,233,7,1323,18,9,50.0,91e58f66
Maicon,DF,21.3,1276,204,638,584,65,24,1276,4,3,75.0,2a8683b9
Iago Maidana,DF,11.5,487,76,271,204,15,9,485,3,2,66.7,e65a5924
Léo Mana,DF,0.5,27,0,9,12,6,0,27,0,0,,d7a180bc
Alef Manga,FWMF,27.0,1093,21,147,408,560,122,1091,69,38,55.1,559782c4
Manoel,DF,27.2,1915,213,826,1011,91,31,1915,8,3,37.5,12748e35
Gustavo Mantuan,FWDF,9.6,540,9,97,253,199,26,540,34,18,52.9,0d717632
Luis Manuel Orejuela,DF,13.0,652,39,175,296,187,12,652,25,12,48.0,e6a6379d
Maranhão,FW,1.0,,,,,,,,,,,617f236c
Willian Maranhão,MFDF,14.8,749,75,239,429,87,3,749,8,4,50.0,f1d95c74
Willian Maranhão,MF,1.8,74,4,24,41,10,0,74,0,0,,f1d95c74
Fernando Marçal,DF,17.1,1287,56,331,585,390,14,1287,19,9,47.4,9ae9eaea
Marcelo,DF,29.0,1284,232,696,550,53,29,1284,14,9,64.3,300b455d
Marcinho,FWMF,5.8,294,3,24,125,146,22,294,12,6,50.0,5465c7f9
Mariano,DF,19.2,1361,34,311,759,304,5,1361,15,6,40.0,e26f559f
Marinho,FW,15.3,714,8,78,217,441,51,713,62,27,43.5,c077c735
Rodriguinho Marinho,FWMF,16.5,628,6,54,331,251,54,628,44,19,43.2,0e335a47
Marlon,DF,24.3,1439,103,426,641,395,13,1439,31,17,54.8,a87b508e
Marlon,DF,3.0,158,18,47,67,45,5,158,0,0,,63969d01
Marlon,MFFW,4.5,198,6,48,106,46,3,198,3,1,33.3,455c6130
Marlos,MFFW,1.7,101,0,5,54,42,5,101,2,1,50.0,9139bb12
Felipe Marques,FWMF,10.6,435,8,45,139,257,45,435,38,17,44.7,30139a1c
Gustavo Marques,DF,0.5,16,3,9,7,0,0,16,0,0,,b4fce835
Marquinhos,MF,0.3,15,0,2,4,9,0,15,0,0,,59878425
Marquinhos,FWMF,2.2,114,2,22,46,49,3,114,15,7,46.7,a9c95220
Marrony,FWMF,2.0,140,4,20,55,66,9,140,13,4,30.8,1dff86ec
Matheus Martinelli,MF,18.0,1582,93,418,803,374,58,1582,49,26,53.1,2b124c8c
Adrián Martínez,FWMF,11.1,296,5,17,104,177,65,296,13,5,38.5,6c513f98
Matheus Martins,FWMF,17.8,922,22,131,298,502,86,922,86,34,39.5,73fd2787
Wellington Martins,MF,7.0,466,26,128,284,58,1,466,2,2,100.0,0430d656
Gonzalo Mastriani,FW,5.2,134,5,10,65,63,27,134,11,5,45.5,b4339e2b
Mateusão,FWMF,2.5,64,6,9,23,33,9,64,3,1,33.3,78bee906
William Matheus,DF,10.1,597,63,234,267,101,10,597,7,3,42.9,3498ddf4
Matheusinho,MFFW,15.3,776,12,85,319,388,43,776,61,29,47.5,74f5a96d
Matheuzinho,DF,23.9,1617,69,421,733,482,45,1617,31,16,51.6,2a5bc0cd
Diego Matos,DF,1.2,82,7,30,42,10,0,82,1,0,0.0,4b799458
Mauricio,FWMF,17.4,867,9,89,359,432,67,867,32,14,43.8,bf4cbc22
Maycon,MF,8.8,589,14,81,389,124,8,589,6,4,66.7,005ca692
Mayke,DFFW,16.3,1080,46,315,486,289,36,1080,25,15,60.0,47431289
Bruno Melo,DFMF,4.9,293,18,72,154,67,8,293,1,0,0.0,41ee21ae
Felipe Melo,DFMF,8.1,543,56,201,318,27,4,543,3,3,100.0,b14d84d3
Darlan Mendes,MFFW,1.3,91,1,25,50,18,1,91,4,4,100.0,a86f0d7b
Nathan Mendes,DF,5.0,275,20,76,130,71,8,275,12,5,41.7,c5aa7b35
Vitor Mendes,DF,18.3,965,139,567,375,31,17,965,2,0,0.0,3cdbeab9
Bruno Méndez,DF,4.8,268,51,153,105,13,5,268,2,0,0.0,66017b9d
Bruno Méndez,DF,12.6,843,64,339,419,89,10,843,6,4,66.7,66017b9d
Stiven Mendoza,FW,25.9,999,11,92,363,570,120,997,97,44,45.4,e68f2cb4
Ramon Menezes Roma,DF,14.0,821,120,460,344,18,10,821,1,0,0.0,eab48ffb
Gabriel Menino,MF,10.2,765,24,122,450,202,12,765,19,8,42.1,01819e70
Gabriel Mercado,DF,23.6,1230,179,600,598,37,13,1230,6,0,0.0,bf97c188
John Mercado,FW,0.0,6,0,3,0,3,0,6,1,0,0.0,d97831ad
Miguel Merentiel,FWMF,2.6,63,0,2,27,34,10,63,5,3,60.0,307224a2
Messias,DF,23.0,971,152,457,481,36,25,971,1,1,100.0,70bb3170
Lucas Mezenga,DF,3.1,195,18,90,90,15,5,195,0,0,,d62f5849
Michel,DF,11.8,681,35,218,307,162,7,681,9,6,66.7,05384ea1
Carlos Miguel,GK,2.0,61,59,61,0,0,0,61,0,0,,84454067
Fernando Miguel,GK,20.0,521,449,520,1,0,0,521,0,0,,f1f06658
Miranda,DF,12.8,757,113,391,353,16,15,757,4,3,75.0,314f2124
Paulo Miranda,DF,16.4,933,144,504,397,36,22,933,1,0,0.0,93a194e1
Paulinho Moccelin,MFFW,4.3,183,5,36,77,72,12,183,11,1,9.1,d63fb6a8
Moisés,DF,6.5,395,21,113,190,98,14,395,17,10,58.8,a40af810
Moises,FWMF,25.0,882,23,85,325,493,109,882,127,65,51.2,ddd07a25
Rodrigo Moledo,DF,13.5,708,110,349,329,34,27,708,4,1,25.0,ce536c37
Jacob Montes,MF,1.0,34,0,5,15,14,2,34,3,1,33.3,69678c84
Moraes,DFMF,15.2,897,58,303,360,247,21,897,41,17,41.5,9b974a99
Airton Moraes,GK,1.0,30,26,30,0,0,0,30,0,0,,5e8682b0
Júnior Moraes,FW,4.5,122,0,6,60,58,14,122,7,2,28.6,c43e5e7e
Wesley Moraes,FW,3.3,114,5,9,46,59,16,114,7,6,85.7,bfae110f
Morato,FWMF,7.3,315,6,38,130,151,15,315,27,16,59.3,96b49b3b
João Moreira,DF,3.2,214,4,41,84,90,7,214,16,10,62.5,b3be99e3
Lucas Moreira,MFFW,1.4,84,0,9,27,50,7,84,4,0,0.0,b9d412ff
Gustavo Mosquito,FWMF,12.6,514,12,73,210,236,46,514,45,17,37.8,c9ed46c4
Hugo Moura,MF,19.4,992,47,255,637,117,10,992,14,9,64.3,14100165
Alex Muralha,GK,19.0,537,458,534,3,0,0,537,0,0,,38082f12
Muriqui,FWMF,14.3,509,5,44,272,199,38,507,27,8,29.6,a55ac46c
Andrey Ramos do Nascimento,MF,5.4,355,8,54,215,93,8,355,13,8,61.5,eb55ab5a
Matheus Nascimento,FWMF,6.8,219,8,15,100,106,29,219,14,7,50.0,e744c3de
Natan,DF,32.0,1763,219,858,850,66,21,1763,15,11,73.3,94bccc82
Natanael,DF,16.0,870,64,287,335,258,16,870,32,14,43.8,0b618504
Natanael,DFFW,13.4,665,39,186,246,240,16,665,24,10,41.7,ed560575
Léo Natel,FW,0.3,16,0,0,6,10,1,16,0,0,,cd8d04a2
Nathan,DF,6.9,437,19,117,234,93,3,437,30,13,43.3,9fb6420e
Nathan,MF,0.0,3,0,0,2,1,0,3,0,0,,eb61284b
Nathan,MFFW,10.7,701,19,94,260,349,31,701,22,13,59.1,fa00f0c9
Nathan,FWMF,1.1,32,0,2,13,18,8,32,0,0,,e0d5a5e9
Rafael Navarro,FWMF,8.0,224,3,16,81,134,47,224,13,9,69.2,4b5ab509
Kaiky Naves,DFMF,0.4,22,4,10,11,1,0,22,0,0,,621576f9
Bruno Nazário,MF,6.5,367,3,43,172,156,17,367,20,8,40.0,dc1d79a5
Neílton,FWDF,0.9,53,1,3,36,14,1,53,4,1,25.0,689299a6
Gabriel Neris,MF,2.4,102,5,15,73,15,1,102,8,3,37.5,54fe5551
Gustavo Nescau,FW,0.3,9,0,3,4,2,1,9,0,0,,0682693b
Rodrigo Nestor,MF,23.6,1305,19,189,556,572,80,1305,53,22,41.5,c04ebe99
Gabriel Neves,MF,6.3,461,9,83,324,56,1,461,1,1,100.0,2a03fb5f
Nicolas,FWMF,11.1,450,26,57,180,216,53,450,19,12,63.2,0e74a520
Nikão,FWMF,5.8,334,4,12,130,192,15,334,18,8,44.4,a34bb194
Nino,DF,27.9,1835,214,891,887,64,21,1835,19,13,68.4,d4fa2207
Gabriel Noga,DF,0.0,,,,,,,,,,,aa306af5
Ygor Nogueira,DF,5.0,279,44,170,106,4,2,279,1,1,100.0,38466ef3
Nonato,MF,12.1,1092,35,188,621,286,11,1092,24,11,45.8,b91a6912
Nonoca,MF,11.5,635,35,184,406,63,8,635,20,10,50.0,06c062d4
Gabriel Novaes,FWMF,4.3,125,3,13,51,63,13,125,12,5,41.7,297a324a
Thales Oleques,DF,6.2,355,30,137,132,86,0,355,5,1,20.0,a30f8286
Bruno Oliveira,MFFW,5.0,311,2,33,176,103,12,311,13,4,30.8,d46904eb
Yuri Oliveira Lima,MF,16.8,1018,37,256,626,140,9,1018,15,12,80.0,bcf3d64e
Pedro Oliveira,MFFW,3.3,177,4,41,71,68,9,177,15,5,33.3,089b56d8
Leo Ortiz,DF,21.4,1417,202,686,700,44,12,1417,15,13,86.7,53834fa2
Kelvin Osorio,MFDF,10.5,581,22,103,255,233,14,581,11,6,54.5,1247ace9
Otávio,MF,12.9,999,27,254,700,56,4,999,6,4,66.7,243f4a0b
Luiz Otávio,DF,21.2,1030,141,554,437,46,27,1030,6,4,66.7,ed976dd9
Rómulo Otero,MFFW,2.6,160,0,9,75,78,3,160,12,6,50.0,96fdc3c0
Luis Oyama,MF,12.0,710,22,144,472,101,6,710,21,15,71.4,ed0c094b
Pablo,FW,16.6,564,31,60,263,244,45,564,16,8,50.0,1ad394c5
Pablo,DF,21.6,1416,193,723,675,32,20,1416,6,6,100.0,29d8ad3f
Juan Pablo,DFMF,1.9,92,5,29,40,23,3,92,1,1,100.0,f40465af
Juan Pablo Ramírez,MFFW,4.5,267,1,32,121,117,20,267,24,12,50.0,20a17a29
Bruno Pacheco,DF,26.1,,,,,,,,,,,9b7976e6
Igor Paixão,FWMF,17.2,730,12,89,263,402,62,730,94,47,50.0,089c7323
Pará,MF,0.9,44,2,14,27,3,0,44,0,0,,5b1cd0cc
Nino Paraíba,DF,24.6,1508,62,380,628,528,29,1508,74,30,40.5,403ef062
Guilherme Parede,FWMF,6.6,,,,,,,,,,,2da1c94c
Weslley Patati,FW,0.2,,,,,,,,,,,0df16cd7
Patrick,MFFW,21.8,1079,24,162,518,420,78,1079,73,31,42.5,92add14e
Alan Patrick,MFFW,17.5,1077,4,78,537,482,60,1075,48,29,60.4,00672021
Luan Patrick,DF,9.0,427,50,198,178,55,2,427,3,1,33.3,dd5d1c85
Patryck,DF,0.3,16,0,7,8,1,0,16,1,1,100.0,8dcbd7af
Giuliano de Paula,MF,18.4,1229,23,178,739,322,40,1229,31,21,67.7,ab1b205d
Patrick de Paula,MF,11.3,584,24,122,371,96,4,584,16,10,62.5,9f12fbb7
Paulão,DF,8.0,344,72,190,137,17,11,344,1,0,0.0,20587790
Paulinho,FWMF,3.2,118,1,7,35,78,10,118,14,9,64.3,bc486f0e
Paulinho,MF,1.8,107,6,18,67,22,1,107,5,5,100.0,bb7337cc
Caio Paulista,DF,17.9,1184,41,231,493,482,61,1184,92,48,52.2,701bb051
Wellington Paulista,FW,5.7,166,3,15,69,84,27,165,1,1,100.0,f2eece5b
João Paulo,DF,3.9,229,11,65,99,67,2,229,6,1,16.7,ce208556
João Paulo,GK,37.0,1063,896,1053,10,0,0,1063,3,3,100.0,d0102ca0
Marcos Paulo,DF,0.3,26,0,16,7,4,0,26,0,0,,4dd6bb79
Cristian Pavón,FWMF,7.7,435,2,37,181,222,37,435,36,21,58.3,a664b026
Pedrinho,FWMF,10.8,498,14,74,155,291,50,498,58,29,50.0,035341ba
Pedrinho,DFFW,15.4,849,45,246,390,225,9,849,37,14,37.8,64aadf6b
Pedrinho,MFFW,2.5,174,1,20,92,62,6,174,13,4,30.8,6796e284
Pedrinho,FW,0.1,4,0,1,2,1,0,4,0,0,,118d25ee
Pedro,FW,13.0,342,14,25,117,203,89,341,22,10,45.5,1ab6fad3
João Pedro,DFFW,1.3,66,9,32,26,9,2,66,4,3,75.0,31d1ed52
João Pedro Pepê,MF,25.8,1454,41,254,828,404,29,1454,52,34,65.4,d75471eb
Peglow,FWMF,2.6,161,5,20,55,89,10,161,17,9,52.9,8a861bc5
Pegorari,GK,12.7,416,365,416,0,0,0,416,0,0,,2ad9d2e3
Matheus Peixoto,FW,5.2,148,6,10,84,56,21,148,3,2,66.7,05160796
Douglas Pelé,FWDF,1.0,32,0,9,14,9,0,32,4,1,25.0,7c6ac38f
Léo Pelé,DF,27.6,1771,85,553,1106,122,14,1771,15,12,80.0,77980eb9
Carlos de Pena,MFFW,29.3,2032,58,281,1065,701,39,2029,22,12,54.5,6b915aa1
Andreas Pereira,MF,8.8,532,10,54,265,217,11,532,9,5,55.6,6639e500
Egídio Pereira Júnior,DFMF,14.0,915,43,229,385,313,14,915,25,18,72.0,6c5b3d31
Léo Pereira,DF,12.4,1001,66,336,584,88,12,1001,3,2,66.7,bd247251
Hernán Pérez,FW,1.1,46,0,6,23,18,4,46,4,1,25.0,e1cea3f7
Lucas Perri,GK,3.8,125,104,124,1,0,0,125,0,0,,5dbd461a
Petterson,FWMF,0.3,8,0,1,4,4,0,8,0,0,,9943597e
Yan Phillipe,FW,0.2,18,0,1,12,5,1,18,2,1,50.0,03d01a35
Del Piage,MF,5.7,287,13,60,168,61,3,287,6,2,33.3,679ca46d
Lucas Piazon,FWMF,8.3,399,11,47,211,147,11,399,20,6,30.0,f201798c
Yago Pikachu,DFMF,13.4,629,16,102,281,252,38,627,17,9,52.9,462f1e13
Mario Pineida,DF,3.7,255,11,68,118,70,6,255,15,4,26.7,2990a468
Joaquín Piquerez,DF,24.7,1572,69,482,713,396,25,1572,45,18,40.0,46009f44
Gabriel Pirani,FWMF,0.5,24,0,4,3,17,2,24,0,0,,17205abf
Gabriel Pirani,MFFW,4.9,173,1,17,60,100,15,173,9,4,44.4,17205abf
Felipe Pires,MFFW,7.4,288,1,33,128,130,14,288,16,4,25.0,2cd3d3ce
Rafael Pires,GK,1.0,20,18,20,0,0,0,20,0,0,,539f6761
Lucas Piton,DFFW,19.7,1345,43,330,638,390,25,1345,28,14,50.0,defce7f1
Isidro Pitta,FW,26.8,755,22,56,338,376,110,754,43,20,46.5,e9fc7295
Luan Polli,GK,2.0,67,61,67,0,0,0,67,0,0,,96aa89c4
Diego Porfirio,DF,5.0,306,15,93,148,68,4,306,11,3,27.3,8512d219
William Pottker,FWMF,21.9,1083,19,114,494,496,83,1081,106,52,49.1,214a16c5
Bruno Praxedes,MF,6.5,342,3,25,197,126,17,342,15,9,60.0,5dd520a8
Erick Pulgar,MF,3.9,326,13,74,209,44,0,326,3,2,66.7,4611e028
Jean Pyerre,MF,8.4,678,1,63,425,196,6,678,18,10,55.6,b41dc073
Du Queiroz,MF,28.9,1749,21,290,1101,378,35,1749,65,36,55.4,8440b0cb
Igor Rabello,DF,6.7,478,45,212,249,20,9,478,0,0,,48048864
Rafael,DF,3.1,186,7,60,90,38,4,186,6,4,66.7,9a1f2e1c
Caio Rafael,FW,0.4,17,1,2,3,12,2,17,2,1,50.0,b7cda839
Léo Rafael,FWMF,1.0,60,1,4,35,21,3,60,2,1,50.0,ef1df474
Zé Rafael,MF,28.5,1553,37,323,916,353,60,1553,68,37,54.4,634b1413
Rafinha,DF,28.5,2259,96,643,1362,266,5,2259,5,3,60.0,d003e213
Eric Ramires,MFFW,12.9,695,21,112,396,200,15,695,20,9,45.0,37faa4cb
Lucas Ramires,DF,0.3,13,3,7,5,1,0,13,0,0,,32395c13
Ramon,DF,8.0,543,27,164,248,133,7,543,21,11,52.4,fdf88bc0
Lucas Ramos,MFFW,0.9,43,1,12,23,10,0,43,2,1,50.0,c0163100
Rafael Ramos,DF,14.5,1002,38,320,460,235,12,1002,28,17,60.7,f8ddf51c
Raniele,MFDF,31.3,1966,199,689,1097,206,31,1966,65,38,58.5,a025365f
Wellington Rato,FWMF,30.9,1525,34,206,687,650,81,1525,61,36,59.0,598917cf
Raul,MF,27.5,1849,91,543,1151,176,2,1849,28,15,53.6,c2f9cf65
Pedro Raul,FW,30.5,838,47,76,332,442,160,835,42,21,50.0,ed074559
Leonardo Realpe,DF,7.4,426,60,228,187,14,3,426,3,3,100.0,57701cbd
Rafinha Rech,FWMF,4.2,184,1,30,76,81,13,184,16,7,43.8,a8f19786
Régis,MF,8.5,354,7,38,169,150,23,354,14,6,42.9,0e2331f3
Reinaldo,DFFW,16.3,1051,31,173,443,445,23,1050,34,17,50.0,ab3edc87
César Reis,GK,24.3,764,647,761,4,0,0,764,0,0,,76d4135b
Renan,DF,3.2,178,36,109,70,3,0,178,4,2,50.0,80c738be
Robert Renan,DF,10.0,626,85,320,299,11,1,626,2,2,100.0,168a2e81
Renato,DFMF,11.3,586,24,133,259,199,10,586,17,8,47.1,8fe5bdcd
Renê,DF,27.5,2093,100,649,1068,396,12,2093,32,17,53.1,d000ffc7
Réver,DF,10.5,858,128,447,401,13,7,858,4,3,75.0,1938fd6a
Rhaldney,MFFW,2.0,115,10,26,63,26,1,115,2,2,100.0,ae3ef77f
Everton Ribeiro,MFFW,19.9,1391,19,147,646,615,50,1391,59,42,71.2,68fb50a2
Lucas Ribeiro,DFMF,5.6,310,35,156,151,5,2,310,5,3,60.0,607d64c6
Matheus Ribeiro,DF,0.2,4,1,3,1,0,0,4,0,0,,7ae055bb
Wesley Ribeiro,MFFW,0.1,11,0,0,4,7,0,11,1,0,0.0,acf5672b
Ricardinho,FW,2.6,79,0,1,38,40,14,79,1,0,0.0,45a1777c
João Ricardo Riedi,GK,35.0,1122,908,1120,2,0,0,1122,0,0,,4729d71a
Vitor Ricardo,DF,1.3,71,1,14,38,21,0,71,2,1,50.0,1f3906c9
Zé Ricardo,MF,2.6,180,14,52,101,29,0,180,4,3,75.0,352f938e
Richard,GK,1.0,25,21,25,0,0,0,25,0,0,,f2c12e8d
Richard,MF,26.3,1668,101,395,1007,278,36,1668,32,18,56.3,e90aa5da
Richardson,MF,23.0,1147,37,238,743,187,3,1147,28,16,57.1,ef6b8a6b
Rickson,MFFW,0.8,48,2,10,20,18,5,48,0,0,,96a35d1b
Emiliano Rigoni,FWMF,2.7,193,3,17,74,105,9,193,12,4,33.3,a1216563
Rikelme,DF,0.2,20,0,3,8,9,1,20,0,0,,637cdc49
Rikelmi,DF,0.0,6,0,0,1,5,2,6,1,0,0.0,b2ffcf77
Cristian Rivas,MF,2.4,136,2,26,83,27,1,136,2,0,0.0,bc4d05c0
Zé Roberto,FW,8.2,293,9,23,124,147,34,292,30,11,36.7,810033a1
Robinho,MF,9.8,724,9,90,387,253,13,724,6,4,66.7,8f8809b9
Robson,FWMF,16.1,569,21,55,242,280,58,568,45,17,37.8,e29eff7a
Felipe Rocha,FW,0.5,22,0,5,13,4,1,22,4,1,25.0,a961e1c4
Kaique Rocha,DF,5.0,275,35,144,120,11,4,275,2,0,0.0,b31d385e
Marcos Rocha,DF,25.0,2269,109,627,1258,407,27,2269,29,16,55.2,fdd2f275
Pedro Rocha Neves,FW,3.1,108,1,16,36,57,7,108,15,8,53.3,b33e0095
Pedro Rocha Neves,FWMF,7.7,268,5,37,99,135,25,267,28,12,42.9,b33e0095
Rodinei,DF,9.8,697,13,113,284,310,21,697,43,22,51.2,7696cc85
Rodrigo,FWMF,0.8,48,0,2,28,19,2,48,3,0,0.0,1126f4e2
Rodrigo,DF,5.3,330,41,180,146,8,1,330,0,0,,cdfb04f5
Élton Rodrigues Brandão,FW,3.3,109,3,8,47,54,19,108,1,0,0.0,e59be3c8
Raphael Rodrigues,DF,1.4,105,15,63,43,0,0,105,0,0,,548640cf
Rodriguinho,MF,2.1,105,3,26,54,29,2,105,6,2,33.3,4565dde3
Romarinho,FWMF,14.6,643,6,48,280,328,44,643,72,41,56.9,1e7d2cc0
Braian Romero,FW,3.8,124,4,16,53,57,19,124,7,0,0.0,c5cc3130
Silvio Romero,FW,12.9,333,15,34,125,177,54,332,12,5,41.7,6a00c4b0
Rômulo,FW,13.3,453,24,88,158,216,38,453,31,15,48.4,03dd053e
Romulo,DF,1.9,116,11,63,34,19,2,116,2,0,0.0,395e0e95
Rômulo,FWMF,4.7,207,5,20,116,75,9,207,17,8,47.1,9a6eb94c
Ronald,MFFW,11.7,527,7,83,323,133,13,527,39,20,51.3,cc119c66
Ronaldo,GK,18.0,534,484,533,1,0,0,534,0,0,,711c08dc
Budiga Roni,MF,8.3,422,16,100,247,82,10,422,2,2,100.0,af433614
Rony,FW,26.5,674,20,52,209,420,143,674,35,12,34.3,bffd5e50
Vitor Roque,FW,14.6,372,0,18,143,221,68,372,47,15,31.9,cb00f1e6
Ruan,FWMF,2.5,86,2,13,32,43,9,86,15,7,46.7,07c41bf4
Rubens,DFMF,13.7,787,26,177,328,292,33,787,37,25,67.6,ae23d044
Óscar Ruiz,MFFW,11.0,392,7,44,170,182,33,392,30,11,36.7,620ce7b1
Rwan,FWMF,5.2,246,7,18,94,139,42,245,19,10,52.6,568a75fd
João Victor Santos Sá,FW,19.4,864,5,102,377,397,75,864,92,45,48.9,1a1033a1
Matheus Sales,MFDF,19.9,710,65,203,396,117,10,710,21,11,52.4,c3c175c4
Philipe Sampaio,DF,12.5,840,113,422,409,13,5,840,7,3,42.9,72733d93
Carlos Sánchez,MF,8.7,441,4,54,213,178,10,441,9,3,33.3,a6dbad80
Sandry,MF,7.7,607,12,81,423,106,4,607,6,3,50.0,8ceeabef
Alex Santana,MF,9.9,459,18,86,297,95,15,459,19,15,78.9,e75dc411
Santos,GK,19.0,590,524,590,0,0,0,590,0,0,,b8d0b69c
Ademir Santos,FWMF,16.6,696,6,78,230,402,68,696,81,35,43.2,4b7d58c2
Chayene Santos,MFFW,6.5,298,2,32,151,122,19,298,22,14,63.6,64a427b4
Fábio Santos,DF,17.4,1444,56,432,763,257,16,1442,7,4,57.1,d0d786fd
Guilherme Santos,FWMF,0.5,19,0,2,8,10,1,19,2,0,0.0,6eae9de6
Gustavo Santos,FW,0.2,,,,,,,,,,,93913c8e
Juan Santos,FW,0.6,24,1,3,7,14,1,24,4,2,50.0,ad89aa96
Júnior Santos,FWMF,11.9,449,16,65,203,191,43,449,39,17,43.6,9109e933
Luis Eduardo Marques dos Santos,DF,18.2,1139,79,403,412,338,23,1139,37,14,37.8,5c5a0d4d
Matheus Santos,MF,0.1,3,0,1,1,1,0,3,2,1,50.0,48125180
Rafael Santos,DF,12.7,646,61,195,255,206,4,646,12,5,41.7,c72a6057
Mateus Sarará,MF,4.8,299,22,79,188,35,2,299,3,2,66.7,1b4c1c9c
Renzo Saravia,DFMF,20.2,1240,73,339,678,252,22,1240,82,31,37.8,cf316639
Eduardo Sasha,FWMF,14.3,547,8,44,271,236,62,547,21,8,38.1,b938b871
Lucas Sasha,MF,14.1,697,40,164,434,106,12,697,9,5,55.6,2e2ec9cf
Gustavo Sauer,FWMF,3.2,140,2,14,68,63,5,140,9,6,66.7,fd53959e
Jefferson Savarino,FW,1.0,48,0,5,21,22,4,48,4,3,75.0,91721722
Sávio,FWMF,2.4,107,0,5,41,67,5,107,16,13,81.3,fe6e7156
Savio,DF,9.4,536,33,190,218,139,5,536,8,3,37.5,3e8c6e2c
Gustavo Scarpa,MFFW,28.6,1755,18,174,618,985,63,1750,67,25,37.3,2964fd20
Cleiton Schwengber,GK,37.0,1334,1052,1308,27,0,0,1334,0,0,,d24ae824
Shaylon,FWMF,15.0,793,28,122,351,332,30,793,25,12,48.0,69c11ef0
Sidcley,DFMF,3.7,211,6,50,98,64,6,211,7,1,14.3,a5e96539
Sidimar,DF,5.0,163,37,109,48,6,3,163,0,0,,080fc1f0
Sidnei,DF,3.3,111,29,70,36,5,2,111,2,1,50.0,b14d0c5d
Pablo Siles,MF,1.8,79,3,20,45,14,1,79,2,0,0.0,cca1e0b5
Aderlan Silva,DF,29.7,1938,95,527,832,592,36,1938,37,17,45.9,48371573
Bruno Silva,MF,28.9,1710,88,389,1066,271,31,1710,29,19,65.5,6efbf91e
Da Silva,DF,6.3,297,51,153,132,12,3,297,1,1,100.0,4772a037
Cristiano da Silva Leite,DF,8.3,555,18,142,243,172,10,555,18,8,44.4,2567b7b6
Felipe Silva Lipe,DF,3.0,143,46,105,36,2,2,143,0,0,,6b2bfcda
Lucas Silva,FWMF,1.2,46,2,5,21,20,6,46,1,0,0.0,aa47c6ce
Marcão Silva,MFDF,14.1,599,51,202,295,113,25,599,16,11,68.8,e7f8bf4a
Márcio Silva,DF,2.0,63,21,46,15,3,3,63,0,0,,7ee2ea5b
Nathan Silva,DF,19.2,1317,136,627,664,31,14,1317,0,0,,369d907c
Ricardo Silva,DF,8.3,372,67,212,149,13,8,372,1,0,0.0,a5075276
Miguel Silveira,MFFW,6.3,273,2,37,116,122,18,273,12,2,16.7,281942c4
Vinicius Silvestre,GK,1.0,21,18,21,0,0,0,21,0,0,,1944518a
Jailson Siqueira,MF,0.2,15,0,1,5,9,2,15,0,0,,b4819112
Everton Soares,FWMF,15.7,729,4,44,209,497,117,729,108,52,48.1,b1cbc666
Tiquinho Soares,FW,13.7,531,19,47,277,213,66,530,29,15,51.7,4d982baf
Fernando Sobral,MF,11.2,677,31,125,392,169,7,677,21,13,61.9,c012aacd
Yeferson Soteldo,FWMF,6.3,297,1,18,109,174,22,297,42,21,50.0,bbb6c951
Yan Souto,DF,6.8,325,68,191,126,11,6,325,2,2,100.0,2dffc479
Hugo Souza,GK,14.3,370,296,366,4,0,0,370,0,0,,c02e5af1
Igor Vinícius de Souza,DFFW,12.9,888,19,156,407,335,29,888,44,23,52.3,ec95088d
Bruno Tabata,FW,5.2,,,,,,,,,,,33fdf90d
Tadeu,GK,38.0,1414,1190,1408,6,1,1,1414,1,1,100.0,8445554f
Tailson,FWDF,0.4,28,0,1,19,9,1,28,5,4,80.0,200b381d
Taison,MFFW,8.1,485,6,29,251,221,13,485,23,14,60.9,7272a72a
Tchê Tchê,MF,25.7,1284,29,252,894,150,13,1284,18,12,66.7,5f2caf8f
David Terans,MF,22.3,1049,5,75,461,535,75,1042,65,31,47.7,d3d89d8d
Miguel Terceros,FW,0.3,24,0,0,7,18,1,24,2,1,50.0,d66ed604
Thiago,GK,2.7,104,91,104,0,0,0,104,0,0,,602d20ae
Guilherme Tinga,DF,13.1,870,76,281,435,161,14,870,21,10,47.6,a8331ab0
Titi,DF,31.1,1363,168,646,702,33,12,1363,12,6,50.0,ea41ddf7
Igor Torres,FWMF,0.1,15,0,4,4,7,1,15,2,1,50.0,cc9b11b1
Jesús Trindade,MF,14.6,841,37,232,509,111,1,841,11,8,72.7,066e9f5d
Bruno Tubarão,FWMF,5.0,226,2,20,99,113,14,226,12,7,58.3,5411ef4f
Uendel,DF,14.7,919,40,302,406,221,12,919,10,6,60.0,0bd9e045
Valdemir,MF,6.9,459,15,112,274,78,1,459,17,11,64.7,82cca681
Valdívia,MFFW,15.4,669,12,78,267,337,42,669,44,27,61.4,e12be458
Vanderlan,DF,7.2,381,15,100,192,93,4,381,4,1,25.0,bd8432ff
Guillermo Varela,DF,2.9,167,14,44,81,44,2,167,5,1,20.0,5c961282
Eduardo Vargas,FW,12.7,641,8,43,310,300,47,639,42,25,59.5,bd603c00
Matheus de Vargas,MF,4.6,211,3,26,106,83,10,211,16,10,62.5,e43a07d4
Jhon Vasquez,FWMF,4.6,182,6,20,70,97,16,182,11,7,63.6,b6832e5e
Rafael Vaz,DF,15.5,1000,141,496,463,49,9,1000,6,5,83.3,244fc074
Raphael Veiga,MF,14.0,669,6,52,362,262,45,666,35,23,65.7,6e5a3bc7
Emiliano Velázquez,DF,6.0,411,48,181,214,19,4,411,3,3,100.0,5efb80d5
Fausto Vera,MF,14.5,1202,55,286,802,127,18,1202,10,4,40.0,8b3b381b
Gabriel Veron,FWMF,6.3,208,5,35,77,106,23,208,22,11,50.0,6bc49da7
João Vialle,DF,0.3,19,0,7,11,2,0,19,1,1,100.0,c63a8bf0
João Victor,MF,0.2,19,0,0,10,9,1,19,1,0,0.0,e78d763e
João Victor,DF,5.4,368,42,218,145,6,5,368,4,2,50.0,d60cf08d
Marcos Victor,DF,4.0,237,35,121,109,9,1,237,4,4,100.0,d714fc5a
Arturo Vidal,MF,9.3,865,10,117,481,272,15,864,5,2,40.0,67cdbc0e
Caio Vidal,FWMF,1.7,42,0,9,19,16,6,42,4,2,50.0,599ab970
Elvis Vieira Araújo,MFFW,9.4,601,5,59,368,184,8,598,11,4,36.4,b5391b63
Gabriel Vieira,FW,0.1,2,0,0,0,2,0,2,0,0,,63904ba9
Luan Vieira,MFFW,5.0,307,1,27,191,94,6,307,13,5,38.5,c4f6bf06
Marcos Vinicios Sorriso,FW,15.0,673,11,94,237,351,50,673,47,11,23.4,e816a8ee
Vinícius,FWMF,26.7,1454,16,142,721,618,55,1454,33,16,48.5,ee01c84d
Vinicius,MFDF,0.8,44,4,12,23,10,2,44,2,1,50.0,ab3ef9c4
Vinícius,MFFW,21.7,817,23,110,324,402,53,817,73,32,43.8,b6bd2b80
Vinícius,FW,9.7,333,15,55,163,122,23,333,40,17,42.5,ecce7383
Caio Vinícius,MF,17.3,714,55,205,399,122,21,714,21,14,66.7,8529df9f
Mateus Vital,FWMF,8.2,425,6,54,201,178,12,425,41,17,41.5,db9c8fa4
Vitão,DF,31.0,1523,264,824,678,23,15,1523,2,0,0.0,d4f034db
Vitinho,FW,15.9,614,13,98,217,307,60,614,40,16,40.0,06d4b2e4
Vitinho,FWMF,5.3,263,7,27,100,140,29,263,20,11,55.0,a9e68c94
Vitinho,FWMF,4.0,146,5,14,83,54,12,146,16,8,50.0,5e5cc7a9
João Vitor,MF,0.1,2,0,1,2,0,0,2,1,1,100.0,b8d3d5ee
Vladimir,GK,22.5,724,650,724,0,0,0,724,0,0,,bbae502c
Max Walef,GK,5.0,108,97,108,0,0,0,108,0,0,,6411a48d
Walter,GK,27.4,793,688,792,1,0,0,793,1,0,0.0,8bae322b
Wanderson,DF,27.2,1344,255,788,537,21,11,1344,1,1,100.0,f612025c
Wanderson,FWMF,17.8,741,7,73,226,463,78,741,74,43,58.1,5da33b33
Warley,FWMF,6.2,298,13,65,122,117,13,298,13,2,15.4,8f385e2e
Welington,DFFW,18.6,1307,48,234,515,573,32,1307,65,29,44.6,a7f95b1f
José Welison,MF,19.1,1089,38,222,681,199,11,1089,31,20,64.5,b6cb4d16
Weliton,MF,0.0,3,1,1,0,2,2,3,0,0,,721322fb
Wellington,DF,3.0,167,38,107,57,4,3,167,1,0,0.0,ed36f825
Welliton,MFFW,1.1,72,1,4,20,51,4,72,15,7,46.7,d1a7e953
Wendell,MF,0.1,5,1,2,2,1,0,5,0,0,,82b7e058
Werik,FW,5.7,163,7,9,84,70,31,163,10,3,30.0,8b20ba5f
Werton,FW,0.3,17,2,3,3,12,3,17,2,0,0.0,d07bde9d
Wescley,MF,0.8,32,0,7,16,10,1,32,4,1,25.0,5a43c680
Wesley,FW,7.2,340,10,41,108,196,46,340,41,17,41.5,434de3a3
Weverson,MF,0.5,18,0,1,7,10,1,18,1,0,0.0,b9829bf7
Weverton,DF,0.5,41,1,10,13,18,0,41,0,0,,6ae59cc2
Wéverton,GK,34.0,1112,896,1100,12,0,0,1112,0,0,,81be82e9
Rafael William,GK,6.0,142,128,142,0,0,0,142,0,0,,eb9f6c10
Willian,FWMF,5.3,259,6,34,119,111,24,259,19,8,42.1,1f85d0c8
Willian,FW,9.2,493,10,48,221,238,25,493,51,35,68.6,8b9ebd03
Xavier,MF,1.8,89,9,23,61,6,0,89,0,0,,f16ed217
Samuel Xavier,DF,31.4,2205,72,589,983,646,39,2205,34,18,52.9,0c870df5
Yago,MFDF,12.6,763,28,163,346,258,28,763,17,5,29.4,e2add0e7
Ytalo,FW,6.9,142,8,11,68,63,17,142,1,0,0.0,423e3d0b
Marcos Ytalo,DF,1.8,78,2,13,31,34,4,78,3,0,0.0,70053afc
Vinícius Zanocelo,MF,22.3,1151,49,244,678,241,31,1151,27,13,48.1,27457e83
Federico Zaracho,MFFW,20.9,1196,17,124,659,422,88,1196,38,20,52.6,803d5265
