Player,Pos,Squad,Gls,Sh,SoT,SoT%,Sh/90,SoT/90,G/Sh,G/SoT,Dist,FK,PK,PKatt,xG,npxG,npxG/Sh,G-xG,np:G-xG,-9999
,,,,,,,,,,,,,,,,,,,,-9999
Abner,DF,Atl Paranaense,1,13,3,23.1,0.56,0.13,0.08,0.33,21.0,0,0,0,1.2,1.2,0.09,-0.2,-0.2,7f9c5d2d
Adryelson,DF,Botafogo (RJ),0,15,4,26.7,0.93,0.25,0.00,0.00,10.9,0,0,0,1.2,1.2,0.08,-1.2,-1.2,e980e78d
Adson,FWMF,Corinthians,3,27,8,29.6,1.96,0.58,0.11,0.38,18.5,0,0,0,2.6,2.6,0.10,+0.4,+0.4,eda38706
Airton,FW,Atl Goianiense,2,36,13,36.1,1.86,0.67,0.06,0.15,17.2,0,0,0,3.8,3.8,0.10,-1.8,-1.8,751ef075
Carlos Alberto,FWMF,América (MG),0,7,3,42.9,4.04,1.73,0.00,0.00,15.7,0,0,0,0.7,0.7,0.10,-0.7,-0.7,08f48d96
Yuri Alberto,FW,Corinthians,8,49,20,40.8,3.04,1.24,0.16,0.40,16.3,0,0,0,5.9,5.9,0.12,+2.1,+2.1,65159211
Ale,MF,América (MG),2,23,5,21.7,1.07,0.23,0.09,0.40,17.1,0,0,0,1.9,1.9,0.08,+0.1,+0.1,b7d9347d
Alexandre Alemão,FW,Internacional,8,49,19,38.8,2.20,0.85,0.16,0.42,14.3,0,0,0,6.5,6.5,0.13,+1.5,+1.5,3ed2a79b
Alerrandro,FW,Bragantino,6,41,18,43.9,3.97,1.74,0.15,0.33,14.6,0,0,0,5.4,5.4,0.13,+0.6,+0.6,3415a44d
Alesson,MFFW,Cuiabá,2,22,9,40.9,1.93,0.79,0.09,0.22,15.6,0,0,0,2.6,2.6,0.12,-0.6,-0.6,611e984e
Alex,DF,Santos,1,2,2,100.0,0.54,0.54,0.50,0.50,9.5,0,0,0,0.2,0.2,0.08,+0.8,+0.8,7367baf7
Caio Alexandre,MF,Fortaleza,1,6,1,16.7,0.54,0.09,0.17,1.00,21.5,0,0,0,0.8,0.8,0.13,+0.2,+0.2,08ac23b7
Matheus Alexandre,DF,Coritiba,0,0,0,,0.00,0.00,,,,0,0,0,0.0,0.0,,0.0,0.0,0212e748
Alexsander,DF,Fluminense,0,2,1,50.0,0.80,0.40,0.00,0.00,31.6,0,0,0,0.0,0.0,0.01,0.0,0.0,b13e7a78
Alisson,MFFW,São Paulo,1,17,6,35.3,1.62,0.57,0.06,0.17,18.8,0,0,0,1.2,1.2,0.07,-0.2,-0.2,99139fa4
Allan,MF,Atlético Mineiro,0,34,12,35.3,1.12,0.40,0.00,0.00,28.6,0,0,0,0.9,0.9,0.03,-0.9,-0.9,b15e93aa
Guilherme Almeida Augusto,DF,Bragantino,0,1,0,0.0,1.00,0.00,0.00,,13.5,0,0,0,0.1,0.1,0.06,-0.1,-0.1,8eecd5f9
Henrique Almeida,FW,América (MG),6,55,23,41.8,3.31,1.38,0.11,0.26,16.0,0,0,1,6.7,6.0,0.11,-0.7,0.0,8aa2f2e3
Júnior Alonso,DF,Atlético Mineiro,0,12,1,8.3,0.42,0.03,0.00,0.00,18.2,0,0,0,0.5,0.5,0.04,-0.5,-0.5,b18a3023
Diego Alves,GK,Flamengo,0,0,0,,0.00,0.00,,,,0,0,0,0.0,0.0,,0.0,0.0,12421a7c
Felipe Alves Raymundo,GK,São Paulo,0,0,0,,0.00,0.00,,,,0,0,0,0.0,0.0,,0.0,0.0,7fbe8689
Felipe Alves Raymundo,GK,Juventude,0,0,0,,0.00,0.00,,,,0,0,0,0.0,0.0,,0.0,0.0,7fbe8689
Rodrigo Alves Soares,DF,Juventude,1,13,4,30.8,0.42,0.13,0.08,0.25,25.2,0,0,0,0.5,0.5,0.04,+0.5,+0.5,4c1b67d6
Anderson,GK,Atl Paranaense,0,0,0,,0.00,0.00,,,,0,0,0,0.0,0.0,,0.0,0.0,29d862d4
Thonny Anderson,MFFW,Coritiba,0,19,1,5.3,2.35,0.12,0.00,0.00,20.5,0,0,0,1.0,1.0,0.05,-1.0,-1.0,7a7c9837
André,MF,Fluminense,1,28,10,35.7,0.84,0.30,0.04,0.10,27.9,0,0,0,1.0,1.0,0.04,0.0,0.0,ec604e2c
André,FW,Cuiabá,3,13,3,23.1,1.61,0.37,0.15,0.67,19.3,0,1,1,2.6,1.8,0.14,+0.4,+0.2,13b52dec
Andrey,MF,Avaí,0,0,0,,0.00,0.00,,,,0,0,0,0.0,0.0,,0.0,0.0,89c28d9f
Brayan Angulo,FWMF,Santos,2,10,4,40.0,1.88,0.75,0.20,0.50,11.7,0,0,0,2.9,2.9,0.29,-0.9,-0.9,37fdc62b
Apodi,MFFW,Goiás,1,17,4,23.5,1.69,0.40,0.06,0.25,17.3,0,0,0,1.6,1.6,0.09,-0.6,-0.6,affbe6bc
Guilherme Arana,DF,Atlético Mineiro,0,41,6,14.6,2.14,0.31,0.00,0.00,22.3,1,0,0,1.6,1.6,0.04,-1.6,-1.6,2b15a82a
Willian Arão,MFDF,Flamengo,2,12,6,50.0,1.17,0.59,0.17,0.33,15.2,0,0,0,1.2,1.2,0.10,+0.8,+0.8,f47a530a
Michel Araujo,FWMF,Fluminense,2,2,2,100.0,2.17,2.17,1.00,1.00,10.6,0,0,0,0.8,0.8,0.41,+1.2,+1.2,1159e4ae
Robert Arboleda,DF,São Paulo,0,10,2,20.0,1.25,0.25,0.00,0.00,9.9,0,0,0,0.5,0.5,0.05,-0.5,-0.5,269dbfc6
Jhon Arias,FWMF,Fluminense,7,40,14,35.0,1.35,0.47,0.15,0.43,19.3,5,1,1,3.4,2.7,0.07,+3.6,+3.3,86d96066
Arthur,MFDF,América (MG),0,3,0,0.0,1.52,0.00,0.00,,24.3,0,0,0,0.1,0.1,0.04,-0.1,-0.1,8a958856
Arthur,FW,Corinthians,0,0,0,,0.00,0.00,,,,0,0,0,0.0,0.0,,0.0,0.0,e93fed32
Artur,FWMF,Bragantino,6,81,25,30.9,2.62,0.81,0.07,0.24,18.9,4,0,0,6.4,6.4,0.08,-0.4,-0.4,105132cd
Eduard Atuesta,MF,Palmeiras,1,19,7,36.8,2.60,0.96,0.05,0.14,20.1,1,0,0,1.1,1.1,0.06,-0.1,-0.1,60990b81
Felipe Augusto,FW,Corinthians,0,0,0,,0.00,0.00,,,,0,0,0,0.0,0.0,,0.0,0.0,1f9cbd0b
Leo Augusto Pereira,FWMF,Atl Goianiense,1,22,5,22.7,1.75,0.40,0.05,0.20,18.4,0,0,0,2.2,2.2,0.10,-1.2,-1.2,a3818875
Renato Augusto,MF,Corinthians,1,35,10,28.6,2.25,0.64,0.03,0.10,22.6,1,0,0,1.4,1.4,0.04,-0.4,-0.4,83a6367a
Auremir,MF,Goiás,0,7,2,28.6,0.43,0.12,0.00,0.00,20.8,0,0,0,0.5,0.5,0.07,-0.5,-0.5,3a2e6d70
Auro,DF,Santos,0,2,0,0.0,0.47,0.00,0.00,,22.4,0,0,0,0.1,0.1,0.03,-0.1,-0.1,b234cb0e
Danilo Avelar,DF,América (MG),0,24,5,20.8,2.51,0.52,0.00,0.00,16.5,3,0,0,1.1,1.1,0.04,-1.1,-1.1,eacb45fd
Felipe Azevedo,MFFW,América (MG),4,65,20,30.8,2.57,0.79,0.06,0.20,19.0,0,0,0,4.1,4.1,0.06,-0.1,-0.1,4a22b15a
Matheus Babi,FWMF,Atl Paranaense,0,4,0,0.0,4.24,0.00,0.00,,17.3,0,0,0,1.0,1.0,0.26,-1.0,-1.0,f48cff2c
Pedro Bahia,MF,Goiás,0,2,0,0.0,6.67,0.00,0.00,,,,0,0,,,,,,3964a23d
Fabrício Baiano,FWMF,Fortaleza,0,0,0,,0.00,0.00,,,,0,0,0,0.0,0.0,,0.0,0.0,d8a48dad
Fabián Balbuena,DF,Corinthians,3,11,5,45.5,0.92,0.42,0.27,0.60,10.6,0,0,0,1.1,1.1,0.10,+1.9,+1.9,3626f7d9
Robson Bambu,DF,Corinthians,0,1,0,0.0,0.23,0.00,0.00,,9.6,0,0,0,0.1,0.1,0.11,-0.1,-0.1,d4fa7d01
Léo Baptistão,FWMF,Santos,5,38,12,31.6,3.01,0.95,0.13,0.42,15.9,0,0,0,6.5,6.5,0.17,-1.5,-1.5,35f6db55
Gabriel Baralhas,MF,Atl Goianiense,4,47,16,34.0,1.96,0.67,0.09,0.25,21.0,0,0,0,3.4,3.4,0.07,+0.6,+0.6,b7838aad
Danilo Barbosa,MF,Botafogo (RJ),0,2,1,50.0,1.08,0.54,0.00,0.00,22.4,0,0,0,0.1,0.1,0.03,-0.1,-0.1,0557ff4f
Gabriel Barbosa,FW,Flamengo,11,72,23,31.9,3.17,1.01,0.14,0.43,16.2,0,1,3,11.1,8.7,0.12,-0.1,+1.3,72d0e1b6
Lucas Barbosa,FWMF,Santos,2,20,6,30.0,2.34,0.70,0.10,0.33,20.7,0,0,0,1.1,1.1,0.06,+0.9,+0.9,a28eac7e
Danilo Barcelos,DFMF,Goiás,0,6,0,0.0,0.52,0.00,0.00,,18.3,3,0,0,0.3,0.3,0.06,-0.3,-0.3,26f4ef39
Leandro Barcia,FW,Atl Goianiense,0,0,0,,0.00,0.00,,,,0,0,0,0.0,0.0,,0.0,0.0,11d91ea7
Barreto,MF,Botafogo (RJ),0,0,0,,0.00,0.00,,,,0,0,0,0.0,0.0,,0.0,0.0,de08d383
Fellipe Bastos,MF,Goiás,0,28,9,32.1,2.92,0.94,0.00,0.00,32.2,9,0,0,0.8,0.8,0.03,-0.8,-0.8,9b99eae0
Ramiro Benetti,MFFW,Corinthians,0,4,3,75.0,0.65,0.49,0.00,0.00,23.2,0,0,0,0.3,0.3,0.07,-0.3,-0.3,96d14fe7
Martín Benítez,MF,América (MG),1,26,10,38.5,3.10,1.19,0.04,0.10,24.7,3,0,1,1.7,0.9,0.04,-0.7,+0.1,c122e34e
Bento,GK,Atl Paranaense,0,0,0,,0.00,0.00,,,,0,0,0,0.0,0.0,,0.0,0.0,5d699228
Lucas Beraldo,DF,São Paulo,0,1,0,0.0,0.69,0.00,0.00,,10.0,0,0,0,0.1,0.1,0.12,-0.1,-0.1,b8aedf06
Eduardo de Biasi,MF,Avaí,1,35,9,25.7,1.68,0.43,0.03,0.11,23.4,1,0,0,2.3,2.3,0.07,-1.3,-1.3,828a04fa
Pedro Bicalho,MF,Palmeiras,0,0,0,,0.00,0.00,,,,0,0,0,0.0,0.0,,0.0,0.0,f35cb8a4
Raul Bicalho,DF,Corinthians,2,12,4,33.3,0.64,0.21,0.17,0.50,15.7,0,0,0,1.5,1.5,0.15,+0.5,+0.5,79af412b
Guilherme Biro,FW,Corinthians,0,2,1,50.0,1.67,0.83,0.00,0.00,23.2,0,0,0,0.0,0.0,0.01,0.0,0.0,e38c2c76
Guilherme Biro,DF,Coritiba,0,3,0,0.0,0.36,0.00,0.00,,30.1,0,0,0,0.1,0.1,0.02,-0.1,-0.1,02c7236e
Guilherme Bissoli,FW,Avaí,14,50,16,32.0,1.84,0.59,0.10,0.31,19.4,2,9,9,11.6,4.5,0.09,+2.4,+0.5,c9024e62
Marcelo Boeck,GK,Fortaleza,0,0,0,,0.00,0.00,,,,0,0,0,0.0,0.0,,0.0,0.0,069cb4f8
Vinícius Boff,MF,Cuiabá,0,0,0,,0.00,0.00,,,,0,0,0,0.0,0.0,,0.0,0.0,badaed00
Ângelo Borges,FWMF,Santos,1,28,9,32.1,1.64,0.53,0.04,0.11,20.5,0,0,0,1.6,1.6,0.06,-0.6,-0.6,737945d9
Daniel Borges,DF,Botafogo (RJ),1,12,3,25.0,0.58,0.14,0.08,0.33,29.4,2,0,0,0.6,0.6,0.05,+0.4,+0.4,71879f82
Douglas Borges,GK,Botafogo (RJ),0,0,0,,0.00,0.00,,,,0,0,0,0.0,0.0,,0.0,0.0,55196057
Marllon Borges,DF,Cuiabá,0,23,3,13.0,0.69,0.09,0.00,0.00,11.8,0,0,0,2.4,2.4,0.10,-2.4,-2.4,d0b29bbd
Gabriel Boschilia,MFFW,Internacional,0,1,0,0.0,1.61,0.00,0.00,,31.1,1,0,0,0.0,0.0,0.03,0.0,0.0,e90af77c
Gabriel Boschilia,MF,Coritiba,0,11,3,27.3,2.08,0.57,0.00,0.00,26.6,1,0,0,0.4,0.4,0.04,-0.4,-0.4,e90af77c
Lucas Braga,FWMF,Santos,5,39,18,46.2,1.69,0.78,0.13,0.28,17.7,0,0,0,4.8,4.8,0.12,+0.2,+0.2,8a0a73ad
David Braz,DF,Fluminense,1,7,2,28.6,0.89,0.25,0.14,0.50,19.6,1,0,0,0.5,0.5,0.07,+0.5,+0.5,9313b408
Breno,FW,Palmeiras,1,8,4,50.0,2.19,1.09,0.13,0.25,16.3,0,0,0,1.0,1.0,0.12,0.0,0.0,e0016d00
Bressan,DF,Avaí,0,6,0,0.0,0.29,0.00,0.00,,10.4,0,0,0,0.6,0.6,0.09,-0.6,-0.6,3db1684c
Emanuel Brítez,DF,Fortaleza,1,10,2,20.0,0.50,0.10,0.10,0.50,17.7,0,0,0,0.8,0.8,0.08,+0.2,+0.2,fb29d05d
Bruninho,MFFW,Juventude,0,7,0,0.0,5.58,0.00,0.00,,25.6,2,0,0,0.3,0.3,0.05,-0.3,-0.3,f7a3e78a
Bruno,MF,Bragantino,0,0,0,,0.00,0.00,,,,0,0,0,0.0,0.0,,0.0,0.0,ad8c3404
Fabrício Bruno,DF,Flamengo,2,5,2,40.0,0.38,0.15,0.40,1.00,7.6,0,0,0,0.7,0.7,0.14,+1.3,+1.3,470d197b
Ricardo Bueno,FW,Juventude,2,19,5,26.3,2.12,0.56,0.05,0.20,14.9,0,1,2,3.6,2.1,0.11,-1.6,-1.1,768cbb2d
Vitor Bueno,MFFW,Atl Paranaense,4,26,6,23.1,2.08,0.48,0.08,0.33,24.8,5,2,2,3.7,2.2,0.08,+0.3,-0.2,5752f96d
Busanello,DF,Juventude,0,5,3,60.0,1.55,0.93,0.00,0.00,20.1,0,0,0,0.2,0.2,0.04,-0.2,-0.2,788c4780
Fabricio Bustos,DF,Internacional,2,18,4,22.2,0.61,0.13,0.11,0.50,18.0,0,0,0,1.5,1.5,0.08,+0.5,+0.5,82549f54
Nahuel Bustos,FW,São Paulo,1,7,2,28.6,2.22,0.63,0.14,0.50,14.8,0,0,0,1.5,1.5,0.22,-0.5,-0.5,8f774c7f
Daniel Cabral,FW,Flamengo,0,0,0,,0.00,0.00,,,,0,0,0,0.0,0.0,,0.0,0.0,c080bb5e
Patric Cabral Lalau,DF,América (MG),0,15,5,33.3,0.79,0.26,0.00,0.00,21.6,1,0,0,0.6,0.6,0.04,-0.6,-0.6,16cd17b7
Raúl Cáceres,DF,América (MG),1,16,3,18.8,0.89,0.17,0.06,0.33,17.4,0,0,0,1.1,1.1,0.07,-0.1,-0.1,6d9dc5be
Matheus Cadorini,FW,Internacional,0,2,2,100.0,2.07,2.07,0.00,0.00,15.1,0,0,0,0.2,0.2,0.12,-0.2,-0.2,7f2b23f8
Matheus Cadorini,FW,Coritiba,2,14,4,28.6,3.99,1.14,0.14,0.50,12.1,0,0,0,1.4,1.4,0.10,+0.6,+0.6,7f2b23f8
Caetano,DF,Goiás,1,5,4,80.0,0.20,0.16,0.20,0.25,10.4,0,0,0,0.5,0.5,0.10,+0.5,+0.5,226e5efd
Jonathan Cafu,DFMF,Cuiabá,2,9,5,55.6,1.44,0.80,0.22,0.40,12.5,0,0,0,1.4,1.4,0.16,+0.6,+0.6,8d043f1d
Rodrigo Caio,DF,Flamengo,0,2,1,50.0,0.31,0.15,0.00,0.00,13.1,0,0,0,0.1,0.1,0.05,-0.1,-0.1,186ed8f1
Calebe,MFFW,Atlético Mineiro,0,5,2,40.0,1.70,0.68,0.00,0.00,19.0,0,0,0,0.4,0.4,0.07,-0.4,-0.4,c84af55e
Lucas Calegari,DF,Fluminense,0,3,0,0.0,0.41,0.00,0.00,,27.9,0,0,0,0.1,0.1,0.02,-0.1,-0.1,a564fe91
Jonathan Calleri,FW,São Paulo,18,98,38,38.8,3.13,1.21,0.17,0.45,13.0,0,1,2,13.2,11.7,0.12,+4.8,+5.3,6922f806
Guilherme Camacho,MF,Santos,1,10,5,50.0,0.55,0.28,0.10,0.20,25.4,0,0,0,0.3,0.3,0.03,+0.7,+0.7,61a6775b
Nathan Camargo,MFFW,Bragantino,0,0,0,,0.00,0.00,,,,0,0,0,0.0,0.0,,0.0,0.0,2c79da44
Camilo,MF,Cuiabá,0,13,2,15.4,0.70,0.11,0.00,0.00,24.1,0,0,0,0.6,0.6,0.05,-0.6,-0.6,dfb81359
Camutanga,DF,Atl Goianiense,0,1,0,0.0,1.27,0.00,0.00,,10.8,0,0,0,0.1,0.1,0.06,-0.1,-0.1,c455a045
Luan Cândido,DF,Bragantino,11,64,25,39.1,2.20,0.86,0.14,0.36,22.5,18,2,2,8.5,7.0,0.11,+2.5,+2.0,ca151606
Germán Cano,FW,Fluminense,26,130,63,48.5,3.80,1.84,0.20,0.41,16.6,1,0,0,18.4,18.4,0.14,+7.6,+7.6,9ccf4e14
Agustín Canobbio,FW,Atl Paranaense,2,24,7,29.2,1.53,0.45,0.08,0.29,20.9,0,0,0,2.0,2.0,0.08,0.0,0.0,4f5a2f38
Víctor Cantillo,MF,Corinthians,0,1,0,0.0,0.10,0.00,0.00,,33.2,0,0,0,0.0,0.0,0.01,0.0,0.0,45075f2f
Capixaba,FWMF,Juventude,1,22,6,27.3,1.20,0.33,0.05,0.17,21.4,0,0,0,1.2,1.2,0.05,-0.2,-0.2,ea2634a1
Juninho Capixaba,DF,Fortaleza,3,39,10,25.6,1.21,0.31,0.08,0.30,21.3,7,0,0,2.0,2.0,0.05,+1.0,+1.0,91ba7336
Gabriel Carabajal,MFFW,Santos,1,9,3,33.3,1.63,0.54,0.11,0.33,23.0,1,0,0,0.3,0.3,0.03,+0.7,+0.7,7a694ae4
Johnny Cardoso,MF,Internacional,3,27,10,37.0,1.72,0.64,0.11,0.30,16.7,0,0,0,2.9,2.9,0.11,+0.1,+0.1,7426f085
Igor Cariús,DFMF,Cuiabá,0,9,0,0.0,0.70,0.00,0.00,,21.8,0,0,0,0.3,0.3,0.03,-0.3,-0.3,662475de
Joel Carli,DF,Botafogo (RJ),0,3,0,0.0,0.74,0.00,0.00,,12.9,0,0,0,0.4,0.4,0.15,-0.4,-0.4,00d6e369
Ed Carlos,MF,Santos,0,1,0,0.0,0.34,0.00,0.00,,25.5,0,0,0,0.0,0.0,0.05,0.0,0.0,e93e479e
Jan Carlos Hurtado,FW,Bragantino,0,13,4,30.8,2.39,0.73,0.00,0.00,14.4,1,0,0,1.2,1.2,0.09,-1.2,-1.2,f50b0b2b
João Carlos,GK,Cuiabá,0,0,0,,0.00,0.00,,,,0,0,0,0.0,0.0,,0.0,0.0,ad9e7995
Alan Carvalho,FWMF,Fluminense,1,1,1,100.0,2.50,2.50,1.00,1.00,3.4,0,0,0,0.1,0.1,0.12,+0.9,+0.9,ebb2d232
Guilherme Carvalho,MF,Ceará,1,13,4,30.8,1.72,0.53,0.08,0.25,22.1,1,0,0,1.2,1.2,0.10,-0.2,-0.2,a32d25d3
Guilherme Carvalho,MFDF,Atlético Mineiro,0,1,0,0.0,0.64,0.00,0.00,,32.8,0,0,0,0.0,0.0,0.02,0.0,0.0,a32d25d3
Cássio,GK,Corinthians,0,0,0,,0.00,0.00,,,,0,0,0,0.0,0.0,,0.0,0.0,d42f6326
Luciano Castán,DF,Coritiba,2,11,2,18.2,0.31,0.06,0.18,1.00,10.3,0,0,0,0.9,0.9,0.09,+1.1,+1.1,0470eeba
Iury de Castilho,FW,Ceará,0,9,2,22.2,1.55,0.35,0.00,0.00,16.2,0,0,0,0.6,0.6,0.07,-0.6,-0.6,555311f2
Cauã,DF,Juventude,0,0,0,,0.00,0.00,,,,0,0,0,0.0,0.0,,0.0,0.0,3c48a088
Matheus Cavichioli,GK,América (MG),0,0,0,,0.00,0.00,,,,0,0,0,0.0,0.0,,0.0,0.0,8470f026
Brayan Ceballos,DF,Fortaleza,0,11,3,27.3,0.92,0.25,0.00,0.00,10.9,0,0,0,1.3,1.3,0.12,-1.3,-1.3,3fa61ade
Murilo Cerqueira,DF,Palmeiras,5,32,11,34.4,1.02,0.35,0.16,0.45,10.2,0,0,0,3.5,3.5,0.11,+1.5,+1.5,10fe831e
Reynaldo Cesar Moraes,DF,Goiás,0,8,2,25.0,0.26,0.07,0.00,0.00,10.7,0,0,0,0.7,0.7,0.09,-0.7,-0.7,589d070c
Jhon Chancellor,DF,Coritiba,0,10,3,30.0,0.77,0.23,0.00,0.00,9.9,0,0,0,0.9,0.9,0.09,-0.9,-0.9,84b6acaa
Arthur Chaves,DF,Avaí,1,11,2,18.2,0.67,0.12,0.09,0.50,14.7,1,0,0,1.0,1.0,0.09,0.0,0.0,913e4711
Renato Chaves,DF,Juventude,0,4,2,50.0,2.20,1.10,0.00,0.00,8.6,0,0,0,0.6,0.6,0.14,-0.6,-0.6,2a51efe8
Chico,MFFW,Juventude,1,33,10,30.3,1.36,0.41,0.00,0.00,24.9,8,1,1,2.2,1.4,0.04,-1.2,-1.4,bad7d8a9
Christian,MF,Atl Paranaense,0,9,4,44.4,1.89,0.84,0.00,0.00,21.4,0,0,0,0.5,0.5,0.06,-0.5,-0.5,a856b456
Diego Churín,FW,Atl Goianiense,7,52,22,42.3,1.96,0.83,0.12,0.27,14.1,1,1,1,6.3,5.5,0.11,+0.7,+0.5,875ac6e9
Marcelo Cirino,FW,Atl Paranaense,0,6,1,16.7,1.14,0.19,0.00,0.00,17.7,0,0,0,0.3,0.3,0.05,-0.3,-0.3,6ba81b35
Léo Cittadini,MFFW,Atl Paranaense,1,11,2,18.2,1.37,0.25,0.09,0.50,19.4,0,0,0,0.8,0.8,0.07,+0.2,+0.2,68410185
Luccas Claro,DF,Fluminense,0,2,0,0.0,0.39,0.00,0.00,,9.2,0,0,0,0.2,0.2,0.12,-0.2,-0.2,3cacc0ec
Clayton,FWMF,Coritiba,0,13,3,23.1,3.57,0.82,0.00,0.00,16.3,0,0,0,1.0,1.0,0.07,-1.0,-1.0,b05870de
Cléber,FW,Ceará,4,37,15,40.5,3.40,1.38,0.11,0.27,13.6,0,0,0,4.8,4.8,0.13,-0.8,-0.8,e539e239
Jean Cléber,MF,Avaí,0,9,1,11.1,0.93,0.10,0.00,0.00,24.2,1,0,0,0.4,0.4,0.05,-0.4,-0.4,16bf849a
Cleiton,DF,Flamengo,0,0,0,,0.00,0.00,,,,,0,0,,,,,,741c6251
Andrés Colorado,MF,São Paulo,0,1,0,0.0,0.29,0.00,0.00,,12.8,0,0,0,0.1,0.1,0.05,-0.1,-0.1,f3afff11
Germán Conti,DF,América (MG),0,16,3,18.8,0.87,0.16,0.00,0.00,11.6,0,0,0,1.1,1.1,0.07,-1.1,-1.1,7b18b6db
Jonathan Copete,FW,Avaí,0,7,2,28.6,2.26,0.65,0.00,0.00,17.1,0,0,0,0.8,0.8,0.12,-0.8,-0.8,ce070a45
Bruno Cortez,DF,Avaí,0,9,2,22.2,0.33,0.07,0.00,0.00,21.3,0,0,0,0.4,0.4,0.04,-0.4,-0.4,a3a1198a
Talles Costa,MF,São Paulo,0,4,1,25.0,0.66,0.16,0.00,0.00,25.2,0,0,0,0.1,0.1,0.03,-0.1,-0.1,d8f15d24
Lucas Crispim,DFMF,Fortaleza,1,12,1,8.3,0.92,0.08,0.08,1.00,29.0,3,0,0,0.4,0.4,0.03,+0.6,+0.6,6501ff61
Daniel Cruz,FWDF,Botafogo (RJ),0,0,0,,0.00,0.00,,,,0,0,0,0.0,0.0,,0.0,0.0,86a118c2
Tomás Cuello,FW,Atl Paranaense,2,50,11,22.0,2.78,0.61,0.04,0.18,24.1,3,0,0,2.3,2.3,0.05,-0.3,-0.3,5c8615dd
Víctor Cuesta,DF,Botafogo (RJ),4,22,9,40.9,0.77,0.32,0.18,0.44,11.1,1,0,0,2.0,2.0,0.09,+2.0,+2.0,39fb428f
Andrés D'Alessandro,FW,Internacional,1,1,1,100.0,1.27,1.27,1.00,1.00,15.8,0,0,0,0.1,0.1,0.07,+0.9,+0.9,6a11048a
Adailson Dadá,MFFW,Goiás,2,48,11,22.9,1.72,0.39,0.04,0.18,23.1,4,0,0,2.6,2.6,0.05,-0.6,-0.6,2a75cc09
Daniel,GK,Internacional,0,0,0,,0.00,0.00,,,,0,0,0,0.0,0.0,,0.0,0.0,636fc976
Danilo,DF,Goiás,1,4,2,50.0,1.51,0.76,0.25,0.50,9.7,0,0,0,0.3,0.3,0.08,+0.7,+0.7,415a34c5
Danilo,MF,Palmeiras,1,39,12,30.8,1.28,0.39,0.03,0.08,22.9,0,0,0,2.8,2.8,0.07,-1.8,-1.8,a816dbfb
David,MF,Ceará,0,0,0,,0.00,0.00,,,,0,0,0,0.0,0.0,,0.0,0.0,16a42430
David,FW,Internacional,0,16,4,25.0,1.76,0.44,0.00,0.00,12.4,0,0,0,1.7,1.7,0.11,-1.7,-1.7,92f9ace5
Kayke David,FWMF,Flamengo,0,0,0,,0.00,0.00,,,,0,0,0,0.0,0.0,,0.0,0.0,2285358d
Giorgian De Arrascaeta,MF,Flamengo,3,52,16,30.8,3.17,0.97,0.06,0.19,17.6,6,0,0,6.9,6.9,0.13,-3.9,-3.9,be8d02dd
Denilson,MF,Cuiabá,0,8,0,0.0,1.03,0.00,0.00,,27.3,0,0,0,0.2,0.2,0.03,-0.2,-0.2,9144afdf
Dentinho,FW,Ceará,0,0,0,,0.00,0.00,,,,0,0,0,0.0,0.0,,0.0,0.0,85686f86
Dentinho,FWMF,Avaí,0,4,2,50.0,1.27,0.63,0.00,0.00,17.1,0,0,0,0.2,0.2,0.05,-0.2,-0.2,aaacc628
Valentín Depietri,FWMF,Fortaleza,0,6,1,16.7,2.31,0.38,0.00,0.00,18.0,0,0,0,0.3,0.3,0.05,-0.3,-0.3,d02cb5d7
Deyverson,FW,Cuiabá,6,35,16,45.7,2.48,1.13,0.11,0.25,15.8,1,2,3,5.8,3.5,0.10,+0.2,+0.5,2e5e846d
Luan Dias,MFFW,Goiás,0,7,3,42.9,0.82,0.35,0.00,0.00,27.3,0,0,0,0.1,0.1,0.02,-0.1,-0.1,a342ce1e
Matheus Dias,MF,Internacional,0,1,1,100.0,0.83,0.83,0.00,0.00,23.9,0,0,0,0.0,0.0,0.05,0.0,0.0,ddfa9005
Juan Díaz,MF,Coritiba,0,1,0,0.0,0.66,0.00,0.00,,17.3,0,0,0,0.1,0.1,0.12,-0.1,-0.1,36839110
Diego,MFDF,Ceará,0,3,2,66.7,1.30,0.87,0.00,0.00,24.5,0,0,0,0.1,0.1,0.04,-0.1,-0.1,cd09e9a1
Diego,GK,Atl Goianiense,0,0,0,,0.00,0.00,,,,0,0,0,0.0,0.0,,0.0,0.0,6b023405
Diego,DF,São Paulo,1,8,1,12.5,0.42,0.05,0.13,1.00,8.7,0,0,0,0.9,0.9,0.11,+0.1,+0.1,7fb8f90c
Diego,MF,Flamengo,1,4,2,50.0,0.41,0.20,0.25,0.50,14.2,1,0,0,0.6,0.6,0.15,+0.4,+0.4,255a478a
Diego,GK,Botafogo (RJ),0,0,0,,0.00,0.00,,,,0,0,0,0.0,0.0,,0.0,0.0,6b023405
Dieguinho,MFDF,Goiás,2,28,4,14.3,0.87,0.12,0.07,0.50,24.2,0,0,0,1.6,1.6,0.06,+0.4,+0.4,7e5a7340
Dodô,DF,Atlético Mineiro,1,10,2,20.0,0.99,0.20,0.10,0.50,20.1,0,0,0,0.6,0.6,0.06,+0.4,+0.4,99931185
Matheus Donelli,GK,Corinthians,0,0,0,,0.00,0.00,,,,0,0,0,0.0,0.0,,0.0,0.0,7c736064
Renan dos Santos,GK,Atl Goianiense,0,0,0,,0.00,0.00,,,,0,0,0,0.0,0.0,,0.0,0.0,6bfaecc4
Douglas,DF,Bragantino,0,0,0,,0.00,0.00,,,,,0,0,,,,,,e7fea035
Rodrigo Dourado,MF,Internacional,0,1,1,100.0,0.20,0.20,0.00,0.00,10.8,0,0,0,0.1,0.1,0.10,-0.1,-0.1,d7d05a22
David Duarte,DF,Fluminense,0,0,0,,0.00,0.00,,,,0,0,0,0.0,0.0,,0.0,0.0,91bf16f7
Dudu,FW,Palmeiras,7,69,27,39.1,2.21,0.86,0.10,0.26,17.3,0,0,0,8.2,8.2,0.12,-1.2,-1.2,895ef5ec
Dudu,DF,Juventude,0,0,0,,0.00,0.00,,,,0,0,0,0.0,0.0,,0.0,0.0,3f10ae0b
Pablo Dyego,FW,Avaí,0,8,3,37.5,1.49,0.56,0.00,0.00,19.6,0,0,0,0.6,0.6,0.07,-0.6,-0.6,fce54d7d
Edenílson,MF,Internacional,6,35,9,25.7,1.44,0.37,0.09,0.33,19.2,2,3,3,6.3,4.0,0.11,-0.3,-1.0,4e50f20e
Eder,DF,América (MG),0,9,4,44.4,0.28,0.12,0.00,0.00,15.5,0,0,0,0.5,0.5,0.06,-0.5,-0.5,ba1a2c4c
Éder,FWMF,São Paulo,3,14,3,21.4,1.89,0.40,0.14,0.67,17.3,2,1,1,1.7,0.9,0.06,+1.3,+1.1,5a325298
Edinho,MF,Juventude,0,5,0,0.0,1.23,0.00,0.00,,,,0,0,,,,,,a8cedcd9
Edson,MFDF,Atl Goianiense,0,3,0,0.0,0.33,0.00,0.00,,16.4,0,0,0,0.3,0.3,0.09,-0.3,-0.3,644d4d85
Edson,DFMF,Atl Goianiense,0,8,2,25.0,0.51,0.13,0.00,0.00,16.8,0,0,0,0.3,0.3,0.04,-0.3,-0.3,041250aa
Carlos Eduardo,MF,Botafogo (RJ),3,21,5,23.8,1.72,0.41,0.14,0.60,14.1,1,0,0,2.6,2.6,0.12,+0.4,+0.4,1a234d32
Carlos Eduardo,FWMF,Bragantino,0,15,3,20.0,1.50,0.30,0.00,0.00,21.4,0,0,0,0.9,0.9,0.06,-0.9,-0.9,27c23008
Elton,MF,Juventude,0,11,1,9.1,0.85,0.08,0.00,0.00,17.3,0,0,0,0.7,0.7,0.06,-0.7,-0.7,42b5868b
Leandro Emmanuel Martínez,MF,América (MG),0,9,3,33.3,3.10,1.03,0.00,0.00,17.1,0,0,0,1.1,1.1,0.12,-1.1,-1.1,74758396
Alan Empereur,DF,Cuiabá,1,5,1,20.0,0.20,0.04,0.20,1.00,8.7,0,0,0,0.9,0.9,0.19,+0.1,+0.1,825b8997
Endrick,FW,Palmeiras,3,14,10,71.4,4.10,2.93,0.21,0.30,12.6,0,0,0,3.1,3.1,0.22,-0.1,-0.1,a2728fbf
Erick,MF,Atl Paranaense,3,20,8,40.0,0.97,0.39,0.15,0.38,16.2,0,0,0,2.7,2.7,0.13,+0.3,+0.3,8a826636
Erick,FWMF,Ceará,2,31,10,32.3,2.65,0.86,0.03,0.10,20.0,2,1,1,2.7,2.0,0.06,-0.7,-1.0,8edcad0d
Erison,FW,Botafogo (RJ),7,48,20,41.7,2.91,1.21,0.13,0.30,15.8,0,1,1,4.7,4.5,0.09,+2.3,+1.5,a9c450cb
Estevão,FWMF,Internacional,0,2,1,50.0,1.67,0.83,0.00,0.00,22.0,0,0,0,0.1,0.1,0.05,-0.1,-0.1,149f4681
Lucas Evangelista,MF,Bragantino,2,47,10,21.3,1.62,0.34,0.02,0.10,21.1,0,1,2,4.5,2.9,0.06,-2.5,-1.9,5f4ce4b6
Everaldo,MFFW,América (MG),4,48,17,35.4,2.28,0.81,0.06,0.18,21.6,0,1,1,4.0,3.1,0.06,0.0,-0.1,bdb57777
Éverson,GK,Atlético Mineiro,0,0,0,,0.00,0.00,,,,0,0,0,0.0,0.0,,0.0,0.0,a59c090b
Éverton,MFFW,Cuiabá,1,4,1,25.0,0.90,0.23,0.25,1.00,18.6,0,0,0,0.4,0.4,0.10,+0.6,+0.6,f50a3570
Fabinho,MF,Palmeiras,0,1,0,0.0,1.30,0.00,0.00,,34.2,0,0,0,0.0,0.0,0.02,0.0,0.0,ff0e595c
Fábio,FWMF,Atlético Mineiro,0,3,1,33.3,1.97,0.66,0.00,0.00,12.8,0,0,0,0.3,0.3,0.09,-0.3,-0.3,30f90535
Fábio,GK,Fluminense,0,0,0,,0.00,0.00,,,,0,0,0,0.0,0.0,,0.0,0.0,15825726
Fabrício,FWMF,Coritiba,3,42,10,23.8,2.52,0.60,0.07,0.30,19.8,0,0,0,2.7,2.7,0.06,+0.3,+0.3,0211a29e
Fagner,DF,Corinthians,0,1,0,0.0,0.10,0.00,0.00,,28.9,1,0,0,0.1,0.1,0.09,-0.1,-0.1,a9cc58fe
Willian Farias,MF,Coritiba,0,13,0,0.0,0.73,0.00,0.00,,29.5,0,0,0,0.4,0.4,0.03,-0.4,-0.4,d1fcff2f
Lucas Fasson,DF,Atl Paranaense,0,0,0,,0.00,0.00,,,,0,0,0,0.0,0.0,,0.0,0.0,31ecbf29
Felipe,MF,Fortaleza,0,7,1,14.3,0.72,0.10,0.00,0.00,22.2,0,0,0,0.3,0.3,0.05,-0.3,-0.3,cadbabf9
Luis Felipe,DF,Santos,1,3,1,33.3,0.27,0.09,0.33,1.00,,,0,0,,,,,,746c8624
Matheus Felipe,DF,Atl Paranaense,2,6,3,50.0,0.30,0.15,0.33,0.67,13.8,0,0,0,0.7,0.7,0.12,+1.3,+1.3,90749ab9
Lucas Fernandes,MF,Botafogo (RJ),2,45,13,28.9,2.42,0.70,0.04,0.15,26.2,5,0,0,1.5,1.5,0.03,+0.5,+0.5,a109d777
Matheus Fernandes,MF,Atl Paranaense,0,9,4,44.4,1.18,0.52,0.00,0.00,24.3,0,0,0,0.3,0.3,0.04,-0.3,-0.3,f76fdcd2
Gatito Fernández,GK,Botafogo (RJ),0,0,0,,0.00,0.00,,,,0,0,0,0.0,0.0,,0.0,0.0,9a82f79a
Ignacio Fernández,MF,Atlético Mineiro,4,42,19,45.2,1.70,0.77,0.07,0.16,19.3,5,1,2,6.8,5.2,0.12,-2.8,-2.2,97a17c0b
Rodrigo Fernández,MF,Santos,0,15,2,13.3,0.58,0.08,0.00,0.00,27.1,0,0,0,0.5,0.5,0.04,-0.5,-0.5,617ee116
Fernandinho,MF,Atl Paranaense,1,9,3,33.3,0.84,0.28,0.11,0.33,24.4,0,0,0,0.3,0.3,0.04,+0.7,+0.7,101da2b5
Derick Fernando,DF,Santos,0,0,0,,0.00,0.00,,,,0,0,0,0.0,0.0,,0.0,0.0,a19d96f6
Luiz Fernando,FWMF,Atl Goianiense,2,50,15,30.0,2.58,0.77,0.04,0.13,15.9,0,0,0,4.2,4.2,0.08,-2.2,-2.2,824ed016
Nahuel Ferraresi,DF,São Paulo,0,3,1,33.3,0.38,0.13,0.00,0.00,12.9,0,0,0,0.2,0.2,0.07,-0.2,-0.2,719aab45
Luiz Filipe,MFFW,Goiás,0,0,0,,0.00,0.00,,,,0,0,0,0.0,0.0,,0.0,0.0,4a615e0b
Flávio,MF,América (MG),0,1,0,0.0,3.46,0.00,0.00,,34.4,0,0,0,0.0,0.0,0.02,0.0,0.0,f0367bfd
Rafael Forster,DF,Juventude,0,11,4,36.4,0.61,0.22,0.00,0.00,25.0,4,0,0,0.6,0.6,0.06,-0.6,-0.6,eb3f56e5
Matheus França,FWMF,Flamengo,4,24,7,29.2,3.21,0.94,0.17,0.57,14.9,0,0,0,3.2,3.2,0.13,+0.8,+0.8,077faf72
Fred,FWMF,Fluminense,1,8,2,25.0,5.58,1.40,0.13,0.50,18.7,1,0,0,0.5,0.5,0.06,+0.5,+0.5,acaeba74
Marlon Freitas,MF,Atl Goianiense,4,31,6,19.4,1.13,0.22,0.10,0.50,25.5,0,1,2,3.3,1.8,0.06,+0.7,+1.2,ae3181de
Douglas Friedrich,GK,Avaí,0,0,0,,0.00,0.00,,,,0,0,0,0.0,0.0,,0.0,0.0,8789242d
Gabriel,MF,São Paulo,0,0,0,,0.00,0.00,,,,0,0,0,0.0,0.0,,0.0,0.0,135d500d
Gabriel,MF,Internacional,0,11,1,9.1,0.46,0.04,0.00,0.00,26.5,0,0,0,0.4,0.4,0.04,-0.4,-0.4,e9c0d5d8
Gabriel,GK,Coritiba,0,0,0,,0.00,0.00,,,,0,0,0,0.0,0.0,,0.0,0.0,f93ed0df
Gabriel,MF,Botafogo (RJ),2,16,5,31.3,1.93,0.60,0.13,0.40,24.5,4,0,0,1.0,1.0,0.06,+1.0,+1.0,0d10333c
Eduardo Gabriel,DF,Santos,1,19,6,31.6,0.58,0.18,0.05,0.17,10.6,0,0,0,1.6,1.6,0.09,-0.6,-0.6,aed65960
Luiz Gabriel,FWMF,Coritiba,0,1,0,0.0,0.89,0.00,0.00,,30.2,0,0,0,0.0,0.0,0.01,0.0,0.0,f9c619e0
Marquinhos Gabriel,MFFW,Goiás,1,10,4,40.0,1.19,0.48,0.10,0.25,21.8,0,0,0,0.7,0.7,0.07,+0.3,+0.3,fcd113c4
Vitor Gabriel,FWMF,Juventude,2,32,11,34.4,3.72,1.28,0.06,0.18,17.0,0,0,0,2.5,2.5,0.08,-0.5,-0.5,094c2abd
Matías Galarza,MF,Coritiba,0,14,1,7.1,2.09,0.15,0.00,0.00,26.2,0,0,0,0.5,0.5,0.04,-0.5,-0.5,8e97a57b
Matheus Galdezani,MF,Avaí,0,3,0,0.0,0.92,0.00,0.00,,20.2,0,0,0,0.1,0.1,0.04,-0.1,-0.1,5042eb90
Thiago Galhardo,FWMF,Fortaleza,7,38,19,50.0,2.54,1.27,0.18,0.37,16.7,0,0,1,5.5,4.8,0.13,+1.5,+2.2,766f48dd
Giuliano Galoppo,MF,São Paulo,1,21,7,33.3,2.66,0.89,0.05,0.14,13.9,1,0,0,2.2,2.2,0.10,-1.2,-1.2,a8eeadaf
Léo Gamalho,FW,Coritiba,8,35,15,42.9,1.90,0.81,0.17,0.40,12.7,1,2,2,7.1,6.0,0.17,+0.9,0.0,f73056ee
Ganso,MFFW,Fluminense,5,20,5,25.0,0.73,0.18,0.10,0.40,24.4,6,3,3,3.9,1.5,0.08,+1.1,+0.5,23593121
García,DFMF,Palmeiras,0,0,0,,0.00,0.00,,,,0,0,0,0.0,0.0,,0.0,0.0,45d071f4
Bryan García,MF,Atl Paranaense,0,6,0,0.0,1.96,0.00,0.00,,32.8,0,0,0,0.1,0.1,0.02,-0.1,-0.1,7b66d351
Luan Garcia,DF,Palmeiras,0,6,0,0.0,0.44,0.00,0.00,,11.3,0,0,0,0.3,0.3,0.05,-0.3,-0.3,6ebe6cc1
Gaspar,FW,Avaí,0,4,1,25.0,9.00,2.25,0.00,0.00,21.1,0,0,0,0.1,0.1,0.03,-0.1,-0.1,996af9a5
Rafael Gava,MF,Cuiabá,1,31,8,25.8,1.36,0.35,0.03,0.13,22.1,5,0,0,2.1,2.1,0.07,-1.1,-1.1,713e1a36
Lucas Gazal,DF,Atl Goianiense,1,14,3,21.4,0.97,0.21,0.07,0.33,20.3,1,0,0,0.4,0.4,0.03,+0.6,+0.6,dcae46d5
Guilherme Gehring,MF,Juventude,0,0,0,,0.00,0.00,,,,0,0,0,0.0,0.0,,0.0,0.0,37faab98
Geovane,MF,Ceará,0,4,1,25.0,0.65,0.16,0.00,0.00,20.6,0,0,0,0.4,0.4,0.09,-0.4,-0.4,099a14d5
Gil,DF,Corinthians,0,15,6,40.0,0.66,0.26,0.00,0.00,10.8,0,0,0,1.2,1.2,0.09,-1.2,-1.2,31edef00
Giovane,FWDF,Corinthians,0,5,2,40.0,1.50,0.60,0.00,0.00,23.2,0,0,0,0.4,0.4,0.07,-0.4,-0.4,1b567cdc
Giovani,FWMF,Palmeiras,0,1,0,0.0,2.57,0.00,0.00,,28.5,0,0,0,0.0,0.0,0.03,0.0,0.0,a199bd5f
Glédson,GK,Avaí,0,0,0,,0.00,0.00,,,,0,0,0,0.0,0.0,,0.0,0.0,a9d625f5
Diego Godín,DF,Atlético Mineiro,0,0,0,,0.00,0.00,,,,0,0,0,0.0,0.0,,0.0,0.0,fc4f85b1
Bruno Gomes,MF,Coritiba,1,22,4,18.2,1.32,0.24,0.05,0.25,25.6,1,0,0,0.9,0.9,0.04,+0.1,+0.1,76f2bbf8
Igor Gomes,MF,São Paulo,0,23,4,17.4,1.00,0.17,0.00,0.00,18.9,1,0,0,1.4,1.4,0.06,-1.4,-1.4,6a7fb945
Igor Gomes,DF,Internacional,0,0,0,,0.00,0.00,,,,0,0,0,0.0,0.0,,0.0,0.0,509d5b3d
João Gomes,MF,Flamengo,0,17,5,29.4,0.81,0.24,0.00,0.00,22.6,0,0,0,1.0,1.0,0.06,-1.0,-1.0,8b57ad2c
Gustavo Gómez,DF,Palmeiras,9,26,14,53.8,0.87,0.47,0.31,0.57,8.8,0,1,1,4.5,3.7,0.14,+4.5,+4.3,d5ce52a5
Aloísio dos Santos Gonçalves,FWMF,América (MG),4,32,14,43.8,3.03,1.33,0.09,0.21,16.0,1,1,1,4.6,3.8,0.12,-0.6,-0.8,9851b2e0
Diego Gonçalves,FW,Botafogo (RJ),2,9,3,33.3,1.68,0.56,0.00,0.00,21.9,1,2,2,2.2,0.7,0.07,-0.2,-0.7,c707fc37
Matheus Gonçalves,FW,Flamengo,0,1,0,0.0,3.33,0.00,0.00,,15.1,0,0,0,0.1,0.1,0.10,-0.1,-0.1,071a6836
Ricardo Goulart,MFFW,Santos,0,6,1,16.7,1.34,0.22,0.00,0.00,11.5,0,0,0,0.8,0.8,0.13,-0.8,-0.8,f053730b
Daniel Guedes,DFMF,Cuiabá,0,6,0,0.0,0.68,0.00,0.00,,23.0,1,0,0,0.2,0.2,0.03,-0.2,-0.2,25f61bc3
Roger Guedes,FWMF,Corinthians,10,83,32,38.6,2.93,1.13,0.11,0.28,17.4,19,1,1,10.6,9.8,0.12,-0.6,-0.8,612a9dd7
Paolo Guerrero,FW,Avaí,0,16,4,25.0,3.34,0.84,0.00,0.00,15.2,0,0,0,1.6,1.6,0.10,-1.6,-1.6,ae6657a1
Guga,DF,Atlético Mineiro,0,14,1,7.1,0.75,0.05,0.00,0.00,26.1,1,0,0,0.6,0.6,0.04,-0.6,-0.6,6975a3e1
Marcos Guilherme,FWMF,São Paulo,1,9,3,33.3,1.40,0.47,0.11,0.33,19.6,0,0,0,0.9,0.9,0.10,+0.1,+0.1,d5ff6084
Marcos Guilherme,MF,Santos,0,0,0,,0.00,0.00,,,,0,0,0,0.0,0.0,,0.0,0.0,d5ff6084
Gustavinho,MF,América (MG),0,4,1,25.0,0.92,0.23,0.00,0.00,20.6,1,0,0,0.2,0.2,0.05,-0.2,-0.2,69896b0e
Habraão,DF,Fortaleza,1,6,2,33.3,2.47,0.82,0.17,0.50,15.0,0,0,0,0.9,0.9,0.15,+0.1,+0.1,1e329d13
Lucas Halter,DF,Atl Paranaense,0,1,0,0.0,0.93,0.00,0.00,,13.1,0,0,0,0.0,0.0,0.02,0.0,0.0,7aa882a2
Lucas Halter,DF,Goiás,0,9,4,44.4,0.75,0.34,0.00,0.00,10.0,0,0,0,1.1,1.1,0.12,-1.1,-1.1,7aa882a2
Hayner,DF,Atl Goianiense,0,9,2,22.2,0.59,0.13,0.00,0.00,20.5,0,0,0,0.5,0.5,0.05,-0.5,-0.5,246c7429
Heitor,DF,Internacional,0,3,0,0.0,0.68,0.00,0.00,,23.9,0,0,0,0.1,0.1,0.03,-0.1,-0.1,e0839492
Thiago Heleno,DF,Atl Paranaense,0,6,0,0.0,0.47,0.00,0.00,,10.7,0,0,1,1.4,0.6,0.10,-1.4,-0.6,827422f9
Helinho,FWMF,Bragantino,4,46,12,26.1,2.42,0.63,0.07,0.25,21.2,2,1,1,4.0,3.2,0.07,0.0,-0.2,5837cb60
Henrique,DF,Coritiba,0,11,5,45.5,0.61,0.28,0.00,0.00,12.2,0,0,0,1.2,1.2,0.11,-1.2,-1.2,429163de
Arthur Henrique,DF,Atl Goianiense,0,2,0,0.0,0.19,0.00,0.00,,20.0,0,0,0,0.1,0.1,0.05,-0.1,-0.1,ae46bd26
Bruno Henrique,FWMF,Flamengo,1,13,7,53.8,1.91,1.03,0.08,0.14,16.7,0,0,0,1.3,1.3,0.10,-0.3,-0.3,5edff24f
Daniel Henrique,FW,Ceará,0,2,0,0.0,7.50,0.00,0.00,,14.2,0,0,0,0.3,0.3,0.16,-0.3,-0.3,1ef923db
Gustavo Henrique,DF,Flamengo,1,2,2,100.0,0.52,0.52,0.50,0.50,11.2,0,0,0,0.2,0.2,0.08,+0.8,+0.8,fa066690
Luis Henrique,FWMF,Botafogo (RJ),0,1,1,100.0,0.34,0.34,0.00,0.00,13.2,0,0,0,0.2,0.2,0.16,-0.2,-0.2,f36d5624
Luiz Henrique,FWMF,Fluminense,2,26,5,19.2,2.22,0.43,0.08,0.40,17.1,0,0,0,2.0,2.0,0.08,0.0,0.0,8059806f
Paulo Henrique,DFMF,Juventude,2,13,4,30.8,0.78,0.24,0.15,0.50,21.5,0,0,0,1.2,1.2,0.09,+0.8,+0.8,25a0cb08
Pedro Henrique,DF,Atl Paranaense,0,15,3,20.0,0.59,0.12,0.00,0.00,17.6,0,0,0,1.2,1.2,0.08,-1.2,-1.2,4322e5d7
Pedro Henrique,FWMF,Internacional,7,55,20,36.4,3.11,1.13,0.09,0.25,17.1,0,2,2,8.3,6.7,0.12,-1.3,-1.7,460976a2
Hércules,MFFW,Fortaleza,4,28,11,39.3,1.84,0.72,0.14,0.36,24.3,0,0,0,2.2,2.2,0.08,+1.8,+1.8,eadc7b45
Nicolás Hernández,DF,Atl Paranaense,0,2,0,0.0,0.11,0.00,0.00,,13.3,0,0,0,0.1,0.1,0.04,-0.1,-0.1,86046c18
Hugo,DFMF,Goiás,0,3,1,33.3,0.38,0.13,0.00,0.00,18.1,0,0,0,0.1,0.1,0.04,-0.1,-0.1,bd2593f3
Hugo,DFMF,Botafogo (RJ),1,13,3,23.1,1.06,0.25,0.08,0.33,23.5,0,0,0,0.9,0.9,0.07,+0.1,+0.1,de3dc682
José Hugo,FWMF,Coritiba,1,11,4,36.4,2.52,0.92,0.09,0.25,15.1,0,0,0,1.3,1.3,0.12,-0.3,-0.3,d0f01217
Victor Hugo,MF,Flamengo,2,20,7,35.0,1.44,0.50,0.10,0.29,16.7,0,0,0,2.7,2.7,0.14,-0.7,-0.7,33fca7f7
Vitor Hugo,FW,Goiás,0,0,0,,0.00,0.00,,,,0,0,0,0.0,0.0,,0.0,0.0,217f53a6
Hulk,FW,Atlético Mineiro,12,90,24,26.7,3.88,1.03,0.11,0.42,23.7,31,2,2,9.1,7.5,0.08,+2.9,+2.5,33a1f72e
José Hurtado,DF,Bragantino,0,3,2,66.7,0.45,0.30,0.00,0.00,21.7,0,0,0,0.1,0.1,0.03,-0.1,-0.1,cb067e96
Hyoran,MF,Bragantino,3,47,14,29.8,3.31,0.99,0.06,0.21,19.9,3,0,0,4.2,4.2,0.09,-1.2,-1.2,ffb88c28
Igor,MFFW,Flamengo,0,0,0,,0.00,0.00,,,,0,0,0,0.0,0.0,,0.0,0.0,fb19d550
André Inácio,FW,Flamengo,0,4,2,50.0,8.00,4.00,0.00,0.00,16.0,0,0,0,0.2,0.2,0.06,-0.2,-0.2,cc77d69c
Mauricio Isla,DF,Flamengo,1,1,1,100.0,0.26,0.26,1.00,1.00,17.2,0,0,0,0.0,0.0,0.04,+1.0,+1.0,de4517dd
Jadsom,MF,Bragantino,0,10,0,0.0,0.71,0.00,0.00,,27.6,0,0,0,0.4,0.4,0.04,-0.4,-0.4,92859e80
Jadson,MF,Juventude,2,16,5,31.3,0.55,0.17,0.13,0.40,17.7,0,0,0,1.4,1.4,0.09,+0.6,+0.6,05748af4
Jailson,GK,América (MG),0,0,0,,0.00,0.00,,,,0,0,0,0.0,0.0,,0.0,0.0,01f7b8c3
Jair,MF,Atlético Mineiro,1,26,8,30.8,1.13,0.35,0.04,0.13,17.3,0,0,0,2.4,2.4,0.09,-1.4,-1.4,f3466edc
Jandrei,GK,São Paulo,0,0,0,,0.00,0.00,,,,0,0,0,0.0,0.0,,0.0,0.0,85ea4399
Vinícius Jaú,MF,Avaí,0,0,0,,0.00,0.00,,,,0,0,0,0.0,0.0,,0.0,0.0,192d3898
Pablo Javier García,FW,Coritiba,0,0,0,,0.00,0.00,,,,0,0,0,0.0,0.0,,0.0,0.0,895321cd
Jean,MF,Juventude,0,22,6,27.3,1.67,0.46,0.00,0.00,27.7,0,0,0,0.5,0.5,0.02,-0.5,-0.5,69a34ec0
Jefferson,DF,Atl Goianiense,1,20,3,15.0,0.79,0.12,0.05,0.33,26.4,0,0,0,0.6,0.5,0.03,+0.4,+0.5,9df5f945
Jefferson,FW,Botafogo (RJ),2,55,21,38.2,3.09,1.18,0.04,0.10,20.0,0,0,0,4.1,4.1,0.08,-2.1,-2.1,45cce300
Jemerson,DF,Atlético Mineiro,0,3,2,66.7,0.27,0.18,0.00,0.00,7.0,0,0,0,0.5,0.5,0.17,-0.5,-0.5,7cab69b5
Jenison,FW,Cuiabá,1,6,1,16.7,1.66,0.28,0.17,1.00,13.6,0,0,0,1.3,1.3,0.22,-0.3,-0.3,767e6b7f
Alexandre Jesus,MFDF,Fluminense,0,1,0,0.0,1.36,0.00,0.00,,16.9,0,0,0,0.0,0.0,0.03,0.0,0.0,25a323f3
Jô,FW,Ceará,2,20,8,40.0,2.30,0.92,0.10,0.25,12.8,0,0,1,2.8,2.1,0.10,-0.8,-0.1,e47d11f8
Jô,FW,Corinthians,1,3,3,100.0,1.39,1.39,0.33,0.33,7.2,0,0,0,0.7,0.7,0.22,+0.3,+0.3,e47d11f8
Joaquim,DF,Cuiabá,1,27,6,22.2,1.13,0.25,0.04,0.17,11.6,0,0,0,2.4,2.4,0.09,-1.4,-1.4,69e5e199
John,GK,Santos,0,0,0,,0.00,0.00,,,,0,0,0,0.0,0.0,,0.0,0.0,33a235af
Jonas,MF,São Paulo,0,2,0,0.0,7.20,0.00,0.00,,30.2,0,0,0,0.0,0.0,0.02,0.0,0.0,32794a5b
Felipe Jonatan,DF,Santos,0,16,5,31.3,0.70,0.22,0.00,0.00,28.7,2,0,0,0.4,0.4,0.02,-0.4,-0.4,0102ca7f
Jonathan,DF,Botafogo (RJ),0,1,0,0.0,2.00,0.00,0.00,,34.6,0,0,0,0.0,0.0,0.01,0.0,0.0,f3f60814
Jorge,DF,Palmeiras,0,3,0,0.0,0.58,0.00,0.00,,19.7,0,0,0,0.1,0.1,0.03,-0.1,-0.1,13c44fc5
Jorginho,MF,Atl Goianiense,3,35,8,22.9,1.92,0.44,0.09,0.38,15.8,1,0,0,4.0,4.0,0.12,-1.0,-1.0,1f809750
Jhojan Julio,FWMF,Santos,0,12,2,16.7,1.31,0.22,0.00,0.00,16.9,0,0,0,0.8,0.8,0.07,-0.8,-0.8,b1fc89f5
Juninho,MF,América (MG),0,1,0,0.0,6.00,0.00,0.00,,38.3,0,0,0,0.0,0.0,0.01,0.0,0.0,2cc16e46
Juninho,MF,América (MG),5,27,13,48.1,0.78,0.38,0.19,0.38,15.2,0,0,0,4.6,4.6,0.17,+0.4,+0.4,7d10ca2e
Renato Junior,FWMF,Goiás,0,4,1,25.0,0.73,0.18,0.00,0.00,14.3,0,0,0,0.4,0.4,0.09,-0.4,-0.4,80b72720
Jussa,MFDF,Fortaleza,0,11,3,27.3,1.57,0.43,0.00,0.00,25.7,0,0,0,0.2,0.2,0.02,-0.2,-0.2,883f5dc8
Kaiky,DF,Santos,0,0,0,,0.00,0.00,,,,0,0,0,0.0,0.0,,0.0,0.0,55634fb8
Lucas Kal,MF,América (MG),0,22,8,36.4,0.91,0.33,0.00,0.00,23.8,0,0,0,0.8,0.8,0.04,-0.8,-0.8,33ed689d
Kanu,DF,Botafogo (RJ),0,6,2,33.3,0.37,0.12,0.00,0.00,9.0,0,0,0,0.6,0.6,0.09,-0.6,-0.6,fefa9b9a
Alan Kardec,FWMF,Atlético Mineiro,2,13,4,30.8,4.55,1.40,0.15,0.50,7.7,0,0,0,3.1,3.1,0.23,-1.1,-1.1,e7fba767
Kauan,FW,Bragantino,0,2,1,50.0,7.20,3.60,0.00,0.00,20.8,0,0,0,0.4,0.4,0.22,-0.4,-0.4,34375e0b
Kawê,MFFW,América (MG),0,0,0,,0.00,0.00,,,,0,0,0,0.0,0.0,,0.0,0.0,f1bca9ec
Kayque,MF,Botafogo (RJ),1,9,3,33.3,2.91,0.97,0.11,0.33,28.0,0,0,0,0.6,0.6,0.07,+0.4,+0.4,54b980d6
Renato Kayser,FW,Fortaleza,0,6,3,50.0,3.31,1.66,0.00,0.00,24.9,4,0,0,0.7,0.7,0.12,-0.7,-0.7,c7495dda
Gabriel Kazu,MF,Avaí,0,0,0,,0.00,0.00,,,,0,0,0,0.0,0.0,,0.0,0.0,42430d76
Keiller,GK,Internacional,0,0,0,,0.00,0.00,,,,0,0,0,0.0,0.0,,0.0,0.0,e38fde76
Thalisson Kelven,DF,Juventude,0,7,2,28.6,0.35,0.10,0.00,0.00,9.8,0,0,0,1.2,1.2,0.17,-1.2,-1.2,18e87471
Kelvi,MF,Juventude,0,0,0,,0.00,0.00,,,,0,0,0,0.0,0.0,,0.0,0.0,33143d85
Kelvin,MFFW,Atl Goianiense,1,13,7,53.8,3.85,2.07,0.08,0.14,26.5,0,0,0,0.6,0.6,0.04,+0.4,+0.4,b8dab818
Kelvyn,FWDF,Ceará,0,0,0,,0.00,0.00,,,,0,0,0,0.0,0.0,,0.0,0.0,8b992778
John Kennedy,FWMF,Fluminense,0,10,4,40.0,6.38,2.55,0.00,0.00,13.8,0,0,0,1.1,1.1,0.11,-1.1,-1.1,132880e0
Keno,FWMF,Atlético Mineiro,4,52,15,28.8,2.52,0.73,0.08,0.27,17.6,0,0,0,5.8,5.8,0.12,-1.8,-1.8,98558c11
Kevin,DF,Avaí,2,19,4,21.1,0.65,0.14,0.05,0.25,27.6,5,1,1,1.5,0.8,0.04,+0.5,+0.2,1f07666f
Khellven,DF,Atl Paranaense,1,13,3,23.1,0.56,0.13,0.00,0.00,26.5,1,1,1,1.3,0.5,0.04,-0.3,-0.5,cf18ab1b
Willian Klaus,DF,Atl Goianiense,0,5,0,0.0,0.83,0.00,0.00,,12.5,0,0,0,0.2,0.2,0.04,-0.2,-0.2,ddc86898
Willian Klaus,DF,Botafogo (RJ),0,0,0,,0.00,0.00,,,,0,0,0,0.0,0.0,,0.0,0.0,ddc86898
Benjamín Kuscevic,DF,Palmeiras,0,2,1,50.0,0.61,0.30,0.00,0.00,6.7,0,0,0,0.7,0.7,0.36,-0.7,-0.7,9edddc34
Gabriel Lacerda,DF,Ceará,0,11,0,0.0,0.55,0.00,0.00,,10.0,0,0,0,0.9,0.9,0.08,-0.9,-0.9,0664b5a6
Anthony Landazuri,DF,Fortaleza,0,2,0,0.0,0.35,0.00,0.00,,10.8,0,0,0,0.2,0.2,0.09,-0.2,-0.2,b3a267f0
Thauan Lara,DFFW,Internacional,0,5,2,40.0,1.30,0.52,0.00,0.00,23.9,0,0,0,0.3,0.3,0.05,-0.3,-0.3,c4dba1f3
Lázaro,FWMF,Flamengo,4,30,12,40.0,3.29,1.32,0.13,0.33,15.4,0,0,0,3.7,3.7,0.12,+0.3,+0.3,86ff856b
Anderson Leite,MF,Juventude,0,0,0,,0.00,0.00,,,,0,0,0,0.0,0.0,,0.0,0.0,9981c92d
Vinícius Leite,MF,Avaí,0,1,1,100.0,0.65,0.65,0.00,0.00,21.3,1,0,0,0.2,0.2,0.18,-0.2,-0.2,e991fbd7
Bernardo Lemes,MFFW,Coritiba,0,5,0,0.0,0.48,0.00,0.00,,25.7,0,0,0,0.2,0.2,0.04,-0.2,-0.2,1ee9a3b6
Marcos Leonardo,FW,Santos,13,87,29,33.3,2.72,0.91,0.13,0.38,16.8,4,2,2,13.2,11.7,0.14,-0.2,-0.7,3f47ebce
Vitor Leque,MFDF,Juventude,0,2,0,0.0,3.40,0.00,0.00,,19.4,0,0,0,0.0,0.0,0.02,0.0,0.0,6ba15719
Lima,FWMF,Ceará,3,38,9,23.7,1.77,0.42,0.03,0.11,20.7,2,2,2,4.0,2.4,0.06,-1.0,-1.4,d215c7de
Anderson Lima,MFFW,São Paulo,0,6,3,50.0,2.57,1.29,0.00,0.00,16.7,0,0,0,0.5,0.5,0.08,-0.5,-0.5,59be3a74
Lucas Lima,DFMF,Atl Goianiense,0,2,0,0.0,1.43,0.00,0.00,,18.5,0,0,0,0.3,0.3,0.17,-0.3,-0.3,c4c45622
Lucas Lima,MFFW,Fortaleza,0,10,4,40.0,0.77,0.31,0.00,0.00,23.0,2,0,0,0.6,0.6,0.06,-0.6,-0.6,49d03337
Rodrigo Lindoso,MF,Ceará,0,10,2,20.0,1.04,0.21,0.00,0.00,15.7,0,0,0,1.0,1.0,0.10,-1.0,-1.0,7b013540
Liziero,MF,Internacional,0,0,0,,0.00,0.00,,,,0,0,0,0.0,0.0,,0.0,0.0,318ecb8c
David Loiola,DF,Ceará,0,3,1,33.3,0.68,0.23,0.00,0.00,15.2,0,0,0,0.1,0.1,0.02,-0.1,-0.1,eddf365e
Marcelo Lomba,GK,Palmeiras,0,0,0,,0.00,0.00,,,,0,0,0,0.0,0.0,,0.0,0.0,e4835e3c
Kevin Lomónaco,DF,Bragantino,0,1,0,0.0,0.08,0.00,0.00,,8.9,0,0,0,0.1,0.1,0.07,-0.1,-0.1,dd5ddb83
José López,FW,Palmeiras,2,23,12,52.2,3.79,1.98,0.09,0.17,12.6,0,0,0,3.3,3.3,0.14,-1.3,-1.3,e1426a52
Henrique Lordelo,MFDF,Goiás,0,0,0,,0.00,0.00,,,,0,0,0,0.0,0.0,,0.0,0.0,b63394ba
Guillermo de los Santos,DF,Coritiba,0,9,4,44.4,0.86,0.38,0.00,0.00,14.7,0,0,0,0.9,0.9,0.10,-0.9,-0.9,1ac629b0
Luan,MF,São Paulo,1,1,1,100.0,0.55,0.55,1.00,1.00,28.8,0,0,0,0.1,0.1,0.07,+0.9,+0.9,12a226cf
Luan,MF,Goiás,0,1,0,0.0,1.87,0.00,0.00,,22.0,0,0,0,0.0,0.0,0.04,0.0,0.0,22fc8906
Lucão,GK,Bragantino,0,0,0,,0.00,0.00,,,,0,0,0,0.0,0.0,,0.0,0.0,ebb5a0df
Lucas,DF,Santos,0,14,4,28.6,0.87,0.25,0.00,0.00,24.7,3,0,0,0.7,0.7,0.05,-0.7,-0.7,5d68f5b2
Ayrton Lucas,DF,Flamengo,2,22,9,40.9,0.77,0.32,0.09,0.22,20.7,0,0,0,1.6,1.6,0.07,+0.4,+0.4,db90b737
João Lucas,DFMF,Cuiabá,0,12,4,33.3,0.50,0.17,0.00,0.00,23.1,0,0,0,0.6,0.6,0.05,-0.6,-0.6,289dc81e
Luciano,FW,São Paulo,11,64,27,42.2,2.83,1.19,0.14,0.33,17.8,2,2,3,9.5,7.1,0.11,+1.5,+1.9,24ce161c
André Luis,FWMF,Cuiabá,3,32,9,28.1,1.57,0.44,0.09,0.33,19.5,0,0,0,2.1,2.1,0.07,+0.9,+0.9,821097f7
Filipe Luís,DF,Flamengo,0,3,0,0.0,0.43,0.00,0.00,,16.1,0,0,0,0.6,0.6,0.21,-0.6,-0.6,e4ed2628
Victor Luis,DF,Ceará,0,17,2,11.8,1.08,0.13,0.00,0.00,30.5,6,0,0,0.4,0.4,0.03,-0.4,-0.4,cc68c4d3
David Luiz,DF,Flamengo,0,14,7,50.0,0.88,0.44,0.00,0.00,18.6,4,0,0,1.0,1.0,0.07,-1.0,-1.0,c0e27d1a
Luizão,DF,São Paulo,1,2,2,100.0,0.18,0.18,0.50,0.50,16.6,0,0,0,0.7,0.7,0.33,+0.3,+0.3,fb02fba4
Vinícius Machado,GK,Ceará,0,0,0,,0.00,0.00,,,,0,0,0,0.0,0.0,,0.0,0.0,0d9b2e53
Mádson,DF,Santos,3,9,4,44.4,0.38,0.17,0.33,0.75,10.8,0,0,0,0.8,0.8,0.09,+2.2,+2.2,766094be
Maguinho,DFMF,Goiás,0,11,1,9.1,0.51,0.05,0.00,0.00,21.2,0,0,0,0.5,0.5,0.04,-0.5,-0.5,d1c855c5
Gustavo Maia,FW,Internacional,0,0,0,,0.00,0.00,,,,0,0,0,0.0,0.0,,0.0,0.0,b36fed1d
Leonardo Maia,MF,Bragantino,0,0,0,,0.00,0.00,,,,,0,0,,,,,,a6f491e2
Pablo Maia,MF,São Paulo,0,30,11,36.7,1.32,0.48,0.00,0.00,28.6,0,0,0,0.9,0.9,0.03,-0.9,-0.9,3a243771
Thiago Maia,MF,Flamengo,0,6,3,50.0,0.35,0.17,0.00,0.00,25.3,0,0,0,0.3,0.3,0.05,-0.3,-0.3,91e58f66
Maicon,DF,Santos,0,13,4,30.8,0.61,0.19,0.00,0.00,15.4,3,0,0,0.9,0.9,0.07,-0.9,-0.9,2a8683b9
Iago Maidana,DF,América (MG),3,5,1,20.0,0.43,0.09,0.20,1.00,19.0,0,2,2,1.2,0.3,0.06,+1.8,+0.7,e65a5924
Léo Mana,DF,Corinthians,0,0,0,,0.00,0.00,,,,0,0,0,0.0,0.0,,0.0,0.0,d7a180bc
Alef Manga,FWMF,Coritiba,9,81,30,37.0,3.00,1.11,0.09,0.23,18.8,0,2,2,8.0,6.5,0.08,+1.0,+0.5,559782c4
Manoel,DF,Fluminense,4,20,4,20.0,0.74,0.15,0.20,1.00,10.7,0,0,0,1.6,1.6,0.08,+2.4,+2.4,12748e35
Gustavo Mantuan,FWDF,Corinthians,3,19,8,42.1,1.98,0.83,0.16,0.38,17.4,1,0,0,1.8,1.8,0.10,+1.2,+1.2,0d717632
Luis Manuel Orejuela,DF,Atl Paranaense,1,4,1,25.0,0.31,0.08,0.25,1.00,20.2,0,0,0,0.3,0.3,0.06,+0.7,+0.7,e6a6379d
Maranhão,FW,Botafogo (RJ),0,2,0,0.0,2.00,0.00,0.00,,,,0,0,,,,,,617f236c
Willian Maranhão,MFDF,Atl Goianiense,0,9,0,0.0,0.61,0.00,0.00,,30.0,0,0,0,0.1,0.1,0.02,-0.1,-0.1,f1d95c74
Willian Maranhão,MF,Santos,0,1,0,0.0,0.55,0.00,0.00,,37.8,0,0,0,0.0,0.0,0.01,0.0,0.0,f1d95c74
Fernando Marçal,DF,Botafogo (RJ),1,10,5,50.0,0.58,0.29,0.10,0.20,26.6,2,0,0,0.3,0.3,0.03,+0.7,+0.7,9ae9eaea
Marcelo,DF,Fortaleza,0,15,7,46.7,0.52,0.24,0.00,0.00,11.1,0,0,0,1.0,1.0,0.07,-1.0,-1.0,300b455d
Marcinho,FWMF,Avaí,1,13,5,38.5,2.25,0.86,0.08,0.20,15.8,0,0,0,1.1,1.1,0.08,-0.1,-0.1,5465c7f9
Mariano,DF,Atlético Mineiro,0,5,0,0.0,0.26,0.00,0.00,,23.2,1,0,0,0.2,0.2,0.04,-0.2,-0.2,e26f559f
Marinho,FW,Flamengo,4,45,14,31.1,2.93,0.91,0.07,0.21,21.6,6,1,1,3.1,2.3,0.05,+0.9,+0.7,c077c735
Rodriguinho Marinho,FWMF,Cuiabá,3,49,13,26.5,2.98,0.79,0.06,0.23,16.9,2,0,0,4.5,4.5,0.09,-1.5,-1.5,0e335a47
Marlon,DF,América (MG),0,27,4,14.8,1.11,0.16,0.00,0.00,26.7,0,0,0,0.8,0.8,0.03,-0.8,-0.8,a87b508e
Marlon,DF,Fluminense,0,2,0,0.0,0.67,0.00,0.00,,22.1,0,0,0,0.1,0.1,0.04,-0.1,-0.1,63969d01
Marlon,MFFW,Juventude,0,2,0,0.0,0.44,0.00,0.00,,15.9,0,0,0,0.1,0.1,0.07,-0.1,-0.1,455c6130
Marlos,MFFW,Atl Paranaense,0,4,1,25.0,2.40,0.60,0.00,0.00,18.5,1,0,0,0.3,0.3,0.07,-0.3,-0.3,9139bb12
Felipe Marques,FWMF,Cuiabá,0,17,5,29.4,1.60,0.47,0.00,0.00,20.0,0,0,0,1.1,1.1,0.06,-1.1,-1.1,30139a1c
Gustavo Marques,DF,América (MG),0,0,0,,0.00,0.00,,,,0,0,0,0.0,0.0,,0.0,0.0,b4fce835
Marquinhos,MF,São Paulo,0,1,0,0.0,3.10,0.00,0.00,,28.6,0,0,0,0.0,0.0,0.02,0.0,0.0,59878425
Marquinhos,FWMF,Cuiabá,0,2,0,0.0,0.91,0.00,0.00,,19.7,0,0,0,0.1,0.1,0.03,-0.1,-0.1,a9c95220
Marrony,FWMF,Fluminense,0,7,1,14.3,3.54,0.51,0.00,0.00,16.7,0,0,0,0.4,0.4,0.06,-0.4,-0.4,1dff86ec
Matheus Martinelli,MF,Fluminense,1,23,6,26.1,1.28,0.33,0.04,0.17,18.9,0,0,0,1.6,1.6,0.07,-0.6,-0.6,2b124c8c
Adrián Martínez,FWMF,Coritiba,4,27,10,37.0,2.43,0.90,0.15,0.40,13.1,0,0,0,4.4,4.4,0.16,-0.4,-0.4,6c513f98
Matheus Martins,FWMF,Fluminense,3,48,12,25.0,2.69,0.67,0.06,0.25,17.9,1,0,0,3.7,3.7,0.08,-0.7,-0.7,73fd2787
Wellington Martins,MF,Fluminense,0,0,0,,0.00,0.00,,,,0,0,0,0.0,0.0,,0.0,0.0,0430d656
Gonzalo Mastriani,FW,América (MG),1,8,3,37.5,1.54,0.58,0.13,0.33,13.8,0,0,0,1.3,1.3,0.17,-0.3,-0.3,b4339e2b
Mateusão,FWMF,Flamengo,0,2,0,0.0,0.79,0.00,0.00,,11.1,0,0,0,0.1,0.1,0.04,-0.1,-0.1,78bee906
William Matheus,DF,Juventude,0,5,2,40.0,0.50,0.20,0.00,0.00,9.4,0,0,0,1.0,1.0,0.19,-1.0,-1.0,3498ddf4
Matheusinho,MFFW,América (MG),2,27,10,37.0,1.77,0.65,0.07,0.20,19.6,0,0,0,2.0,2.0,0.07,0.0,0.0,74f5a96d
Matheuzinho,DF,Flamengo,1,12,2,16.7,0.50,0.08,0.08,0.50,20.2,0,0,0,1.4,1.4,0.12,-0.4,-0.4,2a5bc0cd
Diego Matos,DF,Avaí,0,0,0,,0.00,0.00,,,,0,0,0,0.0,0.0,,0.0,0.0,4b799458
Mauricio,FWMF,Internacional,6,38,11,28.9,2.18,0.63,0.16,0.55,17.9,0,0,0,4.0,4.0,0.11,+2.0,+2.0,bf4cbc22
Maycon,MF,Corinthians,0,6,0,0.0,0.68,0.00,0.00,,21.7,0,0,0,0.4,0.4,0.06,-0.4,-0.4,005ca692
Mayke,DFFW,Palmeiras,3,10,8,80.0,0.61,0.49,0.30,0.38,14.8,0,0,0,1.6,1.6,0.16,+1.4,+1.4,47431289
Bruno Melo,DFMF,Corinthians,0,4,1,25.0,0.82,0.20,0.00,0.00,8.0,0,0,0,0.3,0.3,0.08,-0.3,-0.3,41ee21ae
Felipe Melo,DFMF,Fluminense,0,1,0,0.0,0.12,0.00,0.00,,13.4,0,0,0,0.1,0.1,0.07,-0.1,-0.1,b14d84d3
Darlan Mendes,MFFW,Juventude,0,2,0,0.0,1.51,0.00,0.00,,32.7,0,0,0,0.0,0.0,0.01,0.0,0.0,a86f0d7b
Nathan Mendes,DF,Coritiba,0,0,0,,0.00,0.00,,,,0,0,0,0.0,0.0,,0.0,0.0,c5aa7b35
Vitor Mendes,DF,Juventude,1,16,4,25.0,0.87,0.22,0.06,0.25,15.0,0,0,0,1.1,1.0,0.06,-0.1,0.0,3cdbeab9
Bruno Méndez,DF,Internacional,1,4,2,50.0,0.83,0.41,0.25,0.50,11.7,0,0,0,0.4,0.4,0.10,+0.6,+0.6,66017b9d
Bruno Méndez,DF,Corinthians,0,4,1,25.0,0.32,0.08,0.00,0.00,8.5,0,0,0,0.6,0.6,0.15,-0.6,-0.6,66017b9d
Stiven Mendoza,FW,Ceará,10,81,27,33.3,3.13,1.04,0.11,0.33,16.4,2,1,2,11.0,9.4,0.12,-1.0,-0.4,e68f2cb4
Ramon Menezes Roma,DF,Atl Goianiense,0,6,2,33.3,0.43,0.14,0.00,0.00,9.5,0,0,0,0.8,0.8,0.13,-0.8,-0.8,eab48ffb
Gabriel Menino,MF,Palmeiras,2,25,7,28.0,2.45,0.69,0.08,0.29,24.8,4,0,0,1.2,1.2,0.05,+0.8,+0.8,01819e70
Gabriel Mercado,DF,Internacional,0,8,4,50.0,0.34,0.17,0.00,0.00,15.8,0,0,0,0.4,0.4,0.05,-0.4,-0.4,bf97c188
John Mercado,FW,Atl Paranaense,0,0,0,,0.00,0.00,,,,0,0,0,0.0,0.0,,0.0,0.0,d97831ad
Miguel Merentiel,FWMF,Palmeiras,2,4,3,75.0,1.51,1.13,0.50,0.67,7.9,0,0,0,1.1,1.1,0.28,+0.9,+0.9,307224a2
Messias,DF,Ceará,0,13,2,15.4,0.57,0.09,0.00,0.00,12.7,0,0,0,0.9,0.9,0.07,-0.9,-0.9,70bb3170
Lucas Mezenga,DF,Botafogo (RJ),0,2,1,50.0,0.64,0.32,0.00,0.00,12.2,0,0,0,0.2,0.2,0.08,-0.2,-0.2,d62f5849
Michel,DF,Ceará,0,8,1,12.5,0.68,0.08,0.00,0.00,24.0,0,0,0,0.3,0.3,0.04,-0.3,-0.3,05384ea1
Carlos Miguel,GK,Corinthians,0,0,0,,0.00,0.00,,,,0,0,0,0.0,0.0,,0.0,0.0,84454067
Fernando Miguel,GK,Fortaleza,0,0,0,,0.00,0.00,,,,0,0,0,0.0,0.0,,0.0,0.0,f1f06658
Miranda,DF,São Paulo,0,9,2,22.2,0.70,0.16,0.00,0.00,10.2,0,0,0,1.6,1.6,0.18,-1.6,-1.6,314f2124
Paulo Miranda,DF,Juventude,0,12,3,25.0,0.73,0.18,0.00,0.00,11.8,0,0,0,0.6,0.6,0.05,-0.6,-0.6,93a194e1
Paulinho Moccelin,MFFW,Juventude,0,7,2,28.6,1.63,0.47,0.00,0.00,20.8,0,0,0,0.5,0.5,0.07,-0.5,-0.5,d63fb6a8
Moisés,DF,Internacional,2,9,5,55.6,1.38,0.76,0.22,0.40,18.8,0,0,0,1.0,1.0,0.11,+1.0,+1.0,a40af810
Moises,FWMF,Fortaleza,7,58,22,37.9,2.32,0.88,0.12,0.32,18.0,2,0,0,6.2,6.2,0.11,+0.8,+0.8,ddd07a25
Rodrigo Moledo,DF,Internacional,0,18,5,27.8,1.33,0.37,0.00,0.00,11.2,0,0,0,1.4,1.4,0.08,-1.4,-1.4,ce536c37
Jacob Montes,MF,Botafogo (RJ),0,0,0,,0.00,0.00,,,,0,0,0,0.0,0.0,,0.0,0.0,69678c84
Moraes,DFMF,Juventude,1,19,7,36.8,1.25,0.46,0.05,0.14,24.6,0,0,0,1.0,1.0,0.05,0.0,0.0,9b974a99
Airton Moraes,GK,América (MG),0,0,0,,0.00,0.00,,,,0,0,0,0.0,0.0,,0.0,0.0,5e8682b0
Júnior Moraes,FW,Corinthians,0,6,2,33.3,1.34,0.45,0.00,0.00,14.5,0,0,0,0.5,0.5,0.08,-0.5,-0.5,c43e5e7e
Wesley Moraes,FW,Internacional,0,6,3,50.0,1.79,0.90,0.00,0.00,12.4,0,0,0,0.8,0.8,0.13,-0.8,-0.8,bfae110f
Morato,FWMF,Avaí,2,19,6,31.6,2.61,0.82,0.11,0.33,21.8,0,0,0,2.0,2.0,0.10,0.0,0.0,96b49b3b
João Moreira,DF,São Paulo,0,1,0,0.0,0.31,0.00,0.00,,23.1,0,0,0,0.0,0.0,0.02,0.0,0.0,b3be99e3
Lucas Moreira,MFFW,Cuiabá,0,2,1,50.0,1.38,0.69,0.00,0.00,14.9,0,0,0,0.1,0.1,0.05,-0.1,-0.1,b9d412ff
Gustavo Mosquito,FWMF,Corinthians,3,15,5,33.3,1.19,0.40,0.20,0.60,13.6,0,0,0,1.7,1.7,0.11,+1.3,+1.3,c9ed46c4
Hugo Moura,MF,Atl Paranaense,1,16,6,37.5,0.82,0.31,0.06,0.17,25.5,0,0,0,0.5,0.5,0.03,+0.5,+0.5,14100165
Alex Muralha,GK,Coritiba,0,0,0,,0.00,0.00,,,,0,0,0,0.0,0.0,,0.0,0.0,38082f12
Muriqui,FWMF,Avaí,4,18,3,16.7,1.26,0.21,0.11,0.67,16.1,0,2,2,4.8,3.2,0.18,-0.8,-1.2,a55ac46c
Andrey Ramos do Nascimento,MF,Coritiba,3,17,8,47.1,3.15,1.48,0.18,0.38,27.5,3,0,0,1.0,1.0,0.06,+2.0,+2.0,eb55ab5a
Matheus Nascimento,FWMF,Botafogo (RJ),0,14,6,42.9,2.06,0.88,0.00,0.00,14.8,0,0,0,1.5,1.5,0.11,-1.5,-1.5,e744c3de
Natan,DF,Bragantino,2,16,7,43.8,0.50,0.22,0.13,0.29,14.6,0,0,0,1.7,1.7,0.10,+0.3,+0.3,94bccc82
Natanael,DF,Coritiba,0,4,0,0.0,0.25,0.00,0.00,,24.7,0,0,0,0.1,0.1,0.04,-0.1,-0.1,0b618504
Natanael,DFFW,Avaí,1,18,3,16.7,1.34,0.22,0.06,0.33,24.9,2,0,0,1.0,1.0,0.05,0.0,0.0,ed560575
Léo Natel,FW,Corinthians,0,1,1,100.0,3.33,3.33,0.00,0.00,29.6,0,0,0,0.0,0.0,0.02,0.0,0.0,cd8d04a2
Nathan,DF,Santos,0,5,0,0.0,0.72,0.00,0.00,,19.5,0,0,0,0.2,0.2,0.04,-0.2,-0.2,9fb6420e
Nathan,MF,Goiás,0,0,0,,0.00,0.00,,,,0,0,0,0.0,0.0,,0.0,0.0,eb61284b
Nathan,MFFW,Fluminense,2,36,11,30.6,3.35,1.02,0.06,0.18,24.9,4,0,0,2.1,2.1,0.06,-0.1,-0.1,fa00f0c9
Nathan,FWMF,Avaí,0,4,0,0.0,3.79,0.00,0.00,,11.8,0,0,0,0.4,0.4,0.11,-0.4,-0.4,e0d5a5e9
Rafael Navarro,FWMF,Palmeiras,0,27,6,22.2,3.38,0.75,0.00,0.00,10.3,0,0,0,2.7,2.7,0.10,-2.7,-2.7,4b5ab509
Kaiky Naves,DFMF,Palmeiras,0,0,0,,0.00,0.00,,,,0,0,0,0.0,0.0,,0.0,0.0,621576f9
Bruno Nazário,MF,Juventude,1,10,3,30.0,1.54,0.46,0.10,0.33,22.2,1,0,0,0.5,0.5,0.05,+0.5,+0.5,dc1d79a5
Neílton,FWDF,Coritiba,0,1,1,100.0,1.06,1.06,0.00,0.00,30.9,0,0,0,0.0,0.0,0.01,0.0,0.0,689299a6
Gabriel Neris,MF,Juventude,0,4,2,50.0,1.69,0.85,0.00,0.00,29.5,0,0,0,0.3,0.3,0.07,-0.3,-0.3,54fe5551
Gustavo Nescau,FW,Cuiabá,0,1,0,0.0,3.00,0.00,0.00,,11.2,0,0,0,0.0,0.0,0.03,0.0,0.0,0682693b
Rodrigo Nestor,MF,São Paulo,3,59,14,23.7,2.50,0.59,0.05,0.21,21.4,5,0,0,3.7,3.7,0.06,-0.7,-0.7,c04ebe99
Gabriel Neves,MF,São Paulo,0,0,0,,0.00,0.00,,,,0,0,0,0.0,0.0,,0.0,0.0,2a03fb5f
Nicolas,FWMF,Goiás,5,27,9,33.3,2.44,0.81,0.19,0.56,15.0,0,0,0,2.3,2.3,0.09,+2.7,+2.7,0e74a520
Nikão,FWMF,São Paulo,3,12,5,41.7,2.06,0.86,0.25,0.60,19.0,1,0,0,1.8,1.8,0.15,+1.2,+1.2,a34bb194
Nino,DF,Fluminense,0,16,4,25.0,0.57,0.14,0.00,0.00,14.3,0,0,0,0.9,0.9,0.06,-0.9,-0.9,d4fa2207
Gabriel Noga,DF,Atl Goianiense,0,0,0,,0.00,0.00,,,,,0,0,,,,,,aa306af5
Ygor Nogueira,DF,Juventude,0,1,1,100.0,0.20,0.20,0.00,0.00,10.4,0,0,0,0.1,0.1,0.08,-0.1,-0.1,38466ef3
Nonato,MF,Fluminense,0,11,3,27.3,0.91,0.25,0.00,0.00,24.3,0,0,0,0.4,0.4,0.04,-0.4,-0.4,b91a6912
Nonoca,MF,Avaí,0,13,3,23.1,1.13,0.26,0.00,0.00,24.1,0,0,0,1.0,1.0,0.07,-1.0,-1.0,06c062d4
Gabriel Novaes,FWMF,Bragantino,1,6,3,50.0,1.40,0.70,0.17,0.33,9.9,0,0,0,1.5,1.5,0.25,-0.5,-0.5,297a324a
Thales Oleques,DF,Avaí,0,2,0,0.0,0.32,0.00,0.00,,28.5,0,0,0,0.0,0.0,0.02,0.0,0.0,a30f8286
Bruno Oliveira,MFFW,Santos,0,9,6,66.7,1.82,1.21,0.00,0.00,23.4,0,0,0,0.4,0.4,0.04,-0.4,-0.4,d46904eb
Yuri Oliveira Lima,MF,Juventude,0,16,6,37.5,0.95,0.36,0.00,0.00,24.4,0,0,0,0.6,0.6,0.04,-0.6,-0.6,bcf3d64e
Pedro Oliveira,MFFW,Goiás,0,4,0,0.0,1.23,0.00,0.00,,19.0,0,0,0,0.3,0.3,0.05,-0.3,-0.3,089b56d8
Leo Ortiz,DF,Bragantino,1,11,1,9.1,0.51,0.05,0.09,1.00,12.4,0,0,0,0.8,0.8,0.08,+0.2,+0.2,53834fa2
Kelvin Osorio,MFDF,Cuiabá,0,10,2,20.0,0.95,0.19,0.00,0.00,20.0,0,0,0,0.7,0.7,0.07,-0.7,-0.7,1247ace9
Otávio,MF,Atlético Mineiro,0,4,1,25.0,0.31,0.08,0.00,0.00,29.3,0,0,0,0.1,0.1,0.03,-0.1,-0.1,243f4a0b
Luiz Otávio,DF,Ceará,1,15,3,20.0,0.71,0.14,0.07,0.33,11.7,0,0,0,2.0,2.0,0.13,-1.0,-1.0,ed976dd9
Rómulo Otero,MFFW,Fortaleza,1,12,7,58.3,4.68,2.73,0.08,0.14,28.5,6,0,0,0.4,0.4,0.03,+0.6,+0.6,96fdc3c0
Luis Oyama,MF,Botafogo (RJ),0,15,2,13.3,1.25,0.17,0.00,0.00,28.3,0,0,0,0.5,0.5,0.03,-0.5,-0.5,ed0c094b
Pablo,FW,Atl Paranaense,4,39,16,41.0,2.35,0.96,0.10,0.25,16.9,1,0,0,4.9,4.9,0.12,-0.9,-0.9,1ad394c5
Pablo,DF,Flamengo,0,17,3,17.6,0.79,0.14,0.00,0.00,10.4,0,0,0,1.3,1.3,0.08,-1.3,-1.3,29d8ad3f
Juan Pablo,DFMF,Goiás,0,2,0,0.0,1.05,0.00,0.00,,13.7,0,0,0,0.2,0.2,0.10,-0.2,-0.2,f40465af
Juan Pablo Ramírez,MFFW,América (MG),1,11,4,36.4,2.46,0.90,0.09,0.25,19.3,1,0,0,0.9,0.9,0.09,+0.1,+0.1,20a17a29
Bruno Pacheco,DF,Ceará,1,13,4,30.8,0.50,0.15,0.08,0.25,,,0,0,,,,,,9b7976e6
Igor Paixão,FWMF,Coritiba,4,47,12,25.5,2.73,0.70,0.09,0.33,19.8,2,0,0,5.0,5.0,0.11,-1.0,-1.0,089c7323
Pará,MF,Juventude,0,0,0,,0.00,0.00,,,,0,0,0,0.0,0.0,,0.0,0.0,5b1cd0cc
Nino Paraíba,DF,Ceará,1,21,3,14.3,0.85,0.12,0.05,0.33,23.1,1,0,0,1.0,1.0,0.05,0.0,0.0,403ef062
Guilherme Parede,FWMF,Juventude,2,11,4,36.4,1.67,0.61,0.18,0.50,,,0,0,,,,,,2da1c94c
Weslley Patati,FW,Santos,0,1,0,0.0,4.09,0.00,0.00,,,,0,0,,,,,,0df16cd7
Patrick,MFFW,São Paulo,5,29,8,27.6,1.33,0.37,0.17,0.63,13.5,0,0,0,2.8,2.8,0.10,+2.2,+2.2,92add14e
Alan Patrick,MFFW,Internacional,6,45,19,42.2,2.57,1.09,0.11,0.26,19.1,7,1,2,7.2,5.6,0.12,-1.2,-0.6,00672021
Luan Patrick,DF,América (MG),0,4,1,25.0,0.45,0.11,0.00,0.00,28.1,0,0,0,0.2,0.2,0.04,-0.2,-0.2,dd5d1c85
Patryck,DF,São Paulo,0,0,0,,0.00,0.00,,,,0,0,0,0.0,0.0,,0.0,0.0,8dcbd7af
Giuliano de Paula,MF,Corinthians,1,20,3,15.0,1.09,0.16,0.05,0.33,14.6,0,0,0,2.8,2.8,0.14,-1.8,-1.8,ab1b205d
Patrick de Paula,MF,Botafogo (RJ),1,23,7,30.4,2.03,0.62,0.04,0.14,31.8,4,0,0,0.6,0.6,0.03,+0.4,+0.4,9f12fbb7
Paulão,DF,Cuiabá,0,8,1,12.5,1.00,0.12,0.00,0.00,13.8,0,0,0,0.4,0.4,0.05,-0.4,-0.4,20587790
Paulinho,FWMF,América (MG),0,9,3,33.3,2.83,0.94,0.00,0.00,30.2,1,0,0,0.4,0.4,0.04,-0.4,-0.4,bc486f0e
Paulinho,MF,Corinthians,1,1,1,100.0,0.55,0.55,1.00,1.00,13.2,0,0,0,0.2,0.2,0.23,+0.8,+0.8,bb7337cc
Caio Paulista,DF,Fluminense,1,31,10,32.3,1.73,0.56,0.03,0.10,18.5,0,0,0,2.2,2.2,0.07,-1.2,-1.2,701bb051
Wellington Paulista,FW,América (MG),2,13,4,30.8,2.26,0.70,0.08,0.25,15.0,0,1,1,1.8,1.0,0.08,+0.2,0.0,f2eece5b
João Paulo,DF,América (MG),0,3,1,33.3,0.78,0.26,0.00,0.00,30.1,0,0,0,0.0,0.0,0.01,0.0,0.0,ce208556
João Paulo,GK,Santos,0,0,0,,0.00,0.00,,,,0,0,0,0.0,0.0,,0.0,0.0,d0102ca0
Marcos Paulo,DF,Flamengo,0,0,0,,0.00,0.00,,,,0,0,0,0.0,0.0,,0.0,0.0,4dd6bb79
Cristian Pavón,FWMF,Atlético Mineiro,1,20,5,25.0,2.60,0.65,0.05,0.20,19.7,0,0,0,1.3,1.1,0.06,-0.3,-0.1,a664b026
Pedrinho,FWMF,América (MG),4,33,14,42.4,3.07,1.30,0.12,0.29,20.1,0,0,0,2.6,2.6,0.08,+1.4,+1.4,035341ba
Pedrinho,DFFW,Atl Paranaense,0,9,1,11.1,0.58,0.06,0.00,0.00,26.1,0,0,0,0.3,0.3,0.03,-0.3,-0.3,64aadf6b
Pedrinho,MFFW,Atlético Mineiro,0,6,2,33.3,2.37,0.79,0.00,0.00,28.9,0,0,0,0.1,0.1,0.02,-0.1,-0.1,6796e284
Pedrinho,FW,Flamengo,0,0,0,,0.00,0.00,,,,0,0,0,0.0,0.0,,0.0,0.0,118d25ee
Pedro,FW,Flamengo,11,52,24,46.2,3.99,1.84,0.21,0.46,10.5,0,0,1,12.1,11.3,0.22,-1.1,-0.3,1ab6fad3
João Pedro,DFFW,Corinthians,0,0,0,,0.00,0.00,,,,0,0,0,0.0,0.0,,0.0,0.0,31d1ed52
João Pedro Pepê,MF,Cuiabá,1,33,9,27.3,1.28,0.35,0.03,0.11,23.1,2,0,0,2.1,2.1,0.06,-1.1,-1.1,d75471eb
Peglow,FWMF,Atl Goianiense,0,5,0,0.0,1.91,0.00,0.00,,17.2,0,0,0,0.3,0.3,0.07,-0.3,-0.3,8a861bc5
Pegorari,GK,Juventude,0,0,0,,0.00,0.00,,,,0,0,0,0.0,0.0,,0.0,0.0,2ad9d2e3
Matheus Peixoto,FW,Ceará,0,12,5,41.7,2.29,0.96,0.00,0.00,12.1,0,0,0,0.6,0.6,0.05,-0.6,-0.6,05160796
Douglas Pelé,FWDF,Goiás,0,0,0,,0.00,0.00,,,,0,0,0,0.0,0.0,,0.0,0.0,7c6ac38f
Léo Pelé,DF,São Paulo,0,10,0,0.0,0.36,0.00,0.00,,14.6,0,0,0,0.7,0.7,0.07,-0.7,-0.7,77980eb9
Carlos de Pena,MFFW,Internacional,5,60,17,28.3,2.05,0.58,0.05,0.18,26.1,7,2,3,5.1,2.7,0.04,-0.1,+0.3,6b915aa1
Andreas Pereira,MF,Flamengo,2,19,6,31.6,2.16,0.68,0.11,0.33,25.6,5,0,0,0.9,0.9,0.05,+1.1,+1.1,6639e500
Egídio Pereira Júnior,DFMF,Coritiba,1,13,6,46.2,0.93,0.43,0.08,0.17,25.2,2,0,0,0.5,0.5,0.04,+0.5,+0.5,6c5b3d31
Léo Pereira,DF,Flamengo,0,8,2,25.0,0.65,0.16,0.00,0.00,14.0,2,0,0,0.7,0.7,0.09,-0.7,-0.7,bd247251
Hernán Pérez,FW,Coritiba,0,2,1,50.0,1.87,0.94,0.00,0.00,19.0,0,0,0,0.1,0.1,0.04,-0.1,-0.1,e1cea3f7
Lucas Perri,GK,Botafogo (RJ),0,0,0,,0.00,0.00,,,,0,0,0,0.0,0.0,,0.0,0.0,5dbd461a
Petterson,FWMF,Flamengo,0,0,0,,0.00,0.00,,,,0,0,0,0.0,0.0,,0.0,0.0,9943597e
Yan Phillipe,FW,Atlético Mineiro,0,0,0,,0.00,0.00,,,,0,0,0,0.0,0.0,,0.0,0.0,03d01a35
Del Piage,MF,Botafogo (RJ),1,10,2,20.0,1.77,0.35,0.10,0.50,25.0,0,0,0,0.5,0.5,0.05,+0.5,+0.5,679ca46d
Lucas Piazon,FWMF,Botafogo (RJ),0,6,2,33.3,0.72,0.24,0.00,0.00,18.4,0,0,0,0.4,0.4,0.07,-0.4,-0.4,f201798c
Yago Pikachu,DFMF,Fortaleza,4,27,10,37.0,2.01,0.75,0.11,0.30,20.8,1,1,2,2.7,2.3,0.09,+1.3,+0.7,462f1e13
Mario Pineida,DF,Fluminense,0,1,0,0.0,0.27,0.00,0.00,,25.9,0,0,0,0.0,0.0,0.03,0.0,0.0,2990a468
Joaquín Piquerez,DF,Palmeiras,0,19,5,26.3,0.77,0.20,0.00,0.00,23.9,0,0,0,1.0,1.0,0.06,-1.0,-1.0,46009f44
Gabriel Pirani,FWMF,Santos,0,2,1,50.0,3.75,1.87,0.00,0.00,27.6,0,0,0,0.1,0.1,0.04,-0.1,-0.1,17205abf
Gabriel Pirani,MFFW,Cuiabá,1,10,2,20.0,2.05,0.41,0.10,0.50,17.2,0,0,0,0.8,0.8,0.08,+0.2,+0.2,17205abf
Felipe Pires,MFFW,Juventude,0,10,3,30.0,1.35,0.40,0.00,0.00,21.6,0,0,0,0.4,0.4,0.04,-0.4,-0.4,2cd3d3ce
Rafael Pires,GK,Atlético Mineiro,0,0,0,,0.00,0.00,,,,0,0,0,0.0,0.0,,0.0,0.0,539f6761
Lucas Piton,DFFW,Corinthians,1,8,2,25.0,0.41,0.10,0.13,0.50,19.5,0,0,0,0.6,0.6,0.07,+0.4,+0.4,defce7f1
Isidro Pitta,FW,Juventude,5,67,22,32.8,2.50,0.82,0.07,0.23,18.2,1,0,1,6.5,5.7,0.08,-1.5,-0.7,e9fc7295
Luan Polli,GK,Atl Goianiense,0,0,0,,0.00,0.00,,,,0,0,0,0.0,0.0,,0.0,0.0,96aa89c4
Diego Porfirio,DF,Coritiba,0,4,0,0.0,0.80,0.00,0.00,,22.1,0,0,0,0.1,0.1,0.02,-0.1,-0.1,8512d219
William Pottker,FWMF,Avaí,3,40,14,35.0,1.83,0.64,0.05,0.14,20.3,0,1,2,4.3,3.3,0.08,-1.3,-1.3,214a16c5
Bruno Praxedes,MF,Bragantino,1,19,4,21.1,2.91,0.61,0.05,0.25,15.8,0,0,0,2.2,2.2,0.12,-1.2,-1.2,5dd520a8
Erick Pulgar,MF,Flamengo,0,2,1,50.0,0.51,0.25,0.00,0.00,30.9,0,0,0,0.0,0.0,0.02,0.0,0.0,4611e028
Jean Pyerre,MF,Avaí,1,12,3,25.0,1.43,0.36,0.08,0.33,24.2,5,0,0,0.8,0.8,0.07,+0.2,+0.2,b41dc073
Du Queiroz,MF,Corinthians,2,33,8,24.2,1.14,0.28,0.06,0.25,24.4,0,0,0,2.0,2.0,0.06,0.0,0.0,8440b0cb
Igor Rabello,DF,Atlético Mineiro,1,5,2,40.0,0.75,0.30,0.20,0.50,8.8,0,0,0,0.4,0.4,0.08,+0.6,+0.6,48048864
Rafael,DF,Botafogo (RJ),0,0,0,,0.00,0.00,,,,0,0,0,0.0,0.0,,0.0,0.0,9a1f2e1c
Caio Rafael,FW,Ceará,0,2,1,50.0,5.45,2.73,0.00,0.00,29.1,0,0,0,0.1,0.1,0.05,-0.1,-0.1,b7cda839
Léo Rafael,FWMF,Ceará,0,1,1,100.0,1.03,1.03,0.00,0.00,30.4,0,0,0,0.0,0.0,0.04,0.0,0.0,ef1df474
Zé Rafael,MF,Palmeiras,3,55,13,23.6,1.93,0.46,0.05,0.23,19.0,4,0,0,4.1,4.1,0.08,-1.1,-1.1,634b1413
Rafinha,DF,São Paulo,0,3,0,0.0,0.11,0.00,0.00,,25.2,0,0,0,0.1,0.1,0.04,-0.1,-0.1,d003e213
Eric Ramires,MFFW,Bragantino,1,11,4,36.4,0.86,0.31,0.09,0.25,22.5,0,0,0,1.0,1.0,0.09,0.0,0.0,37faa4cb
Lucas Ramires,DF,Juventude,0,0,0,,0.00,0.00,,,,0,0,0,0.0,0.0,,0.0,0.0,32395c13
Ramon,DF,Bragantino,0,3,1,33.3,0.37,0.12,0.00,0.00,20.2,0,0,0,0.1,0.1,0.03,-0.1,-0.1,fdf88bc0
Lucas Ramos,MFFW,Internacional,0,4,2,50.0,4.62,2.31,0.00,0.00,31.0,1,0,0,0.1,0.1,0.02,-0.1,-0.1,c0163100
Rafael Ramos,DF,Corinthians,0,6,1,16.7,0.41,0.07,0.00,0.00,22.8,0,0,0,0.2,0.2,0.04,-0.2,-0.2,f8ddf51c
Raniele,MFDF,Avaí,2,31,10,32.3,0.99,0.32,0.06,0.20,23.6,0,0,0,1.4,1.4,0.04,+0.6,+0.6,a025365f
Wellington Rato,FWMF,Atl Goianiense,8,96,28,29.2,3.11,0.91,0.08,0.29,21.3,7,0,0,7.4,7.4,0.08,+0.6,+0.6,598917cf
Raul,MF,Bragantino,0,14,1,7.1,0.51,0.04,0.00,0.00,30.6,0,0,0,0.4,0.4,0.03,-0.4,-0.4,c2f9cf65
Pedro Raul,FW,Goiás,19,89,39,43.8,2.92,1.28,0.18,0.41,14.1,0,3,3,12.3,10.2,0.12,+6.7,+5.8,ed074559
Leonardo Realpe,DF,Bragantino,0,2,0,0.0,0.27,0.00,0.00,,20.5,0,0,0,0.1,0.1,0.05,-0.1,-0.1,57701cbd
Rafinha Rech,FWMF,Juventude,0,16,2,12.5,3.80,0.47,0.00,0.00,23.4,0,0,0,0.8,0.8,0.05,-0.8,-0.8,a8f19786
Régis,MF,Coritiba,1,11,4,36.4,1.29,0.47,0.09,0.25,18.7,1,0,0,1.0,1.0,0.09,0.0,0.0,0e2331f3
Reinaldo,DFFW,São Paulo,3,22,4,18.2,1.35,0.25,0.09,0.50,22.0,1,1,1,1.7,0.9,0.04,+1.3,+1.1,ab3edc87
César Reis,GK,Juventude,0,0,0,,0.00,0.00,,,,0,0,0,0.0,0.0,,0.0,0.0,76d4135b
Renan,DF,Bragantino,0,0,0,,0.00,0.00,,,,0,0,0,0.0,0.0,,0.0,0.0,80c738be
Robert Renan,DF,Corinthians,0,3,0,0.0,0.30,0.00,0.00,,32.2,0,0,0,0.1,0.1,0.02,-0.1,-0.1,168a2e81
Renato,DFMF,Avaí,0,17,5,29.4,1.51,0.44,0.00,0.00,27.2,0,0,0,1.1,1.1,0.07,-1.1,-1.1,8fe5bdcd
Renê,DF,Internacional,0,4,1,25.0,0.15,0.04,0.00,0.00,20.7,0,0,0,0.2,0.2,0.04,-0.2,-0.2,d000ffc7
Réver,DF,Atlético Mineiro,1,3,1,33.3,0.29,0.10,0.33,1.00,13.2,0,0,0,0.1,0.1,0.04,+0.9,+0.9,1938fd6a
Rhaldney,MFFW,Atl Goianiense,0,2,0,0.0,1.02,0.00,0.00,,24.0,0,0,0,0.1,0.1,0.04,-0.1,-0.1,ae3ef77f
Everton Ribeiro,MFFW,Flamengo,2,24,13,54.2,1.21,0.65,0.08,0.15,17.8,1,0,0,2.7,2.7,0.11,-0.7,-0.7,68fb50a2
Lucas Ribeiro,DFMF,Ceará,1,2,1,50.0,0.36,0.18,0.50,1.00,9.4,0,0,0,0.3,0.3,0.17,+0.7,+0.7,607d64c6
Matheus Ribeiro,DF,Avaí,0,0,0,,0.00,0.00,,,,0,0,0,0.0,0.0,,0.0,0.0,7ae055bb
Wesley Ribeiro,MFFW,Corinthians,0,0,0,,0.00,0.00,,,,0,0,0,0.0,0.0,,0.0,0.0,acf5672b
Ricardinho,FW,Atl Goianiense,0,6,2,33.3,2.35,0.78,0.00,0.00,10.9,0,0,0,0.9,0.9,0.15,-0.9,-0.9,45a1777c
João Ricardo Riedi,GK,Ceará,0,0,0,,0.00,0.00,,,,0,0,0,0.0,0.0,,0.0,0.0,4729d71a
Vitor Ricardo,DF,Fortaleza,0,0,0,,0.00,0.00,,,,0,0,0,0.0,0.0,,0.0,0.0,1f3906c9
Zé Ricardo,MF,América (MG),0,3,0,0.0,1.17,0.00,0.00,,32.5,0,0,0,0.1,0.1,0.03,-0.1,-0.1,352f938e
Richard,GK,Ceará,0,0,0,,0.00,0.00,,,,0,0,0,0.0,0.0,,0.0,0.0,f2c12e8d
Richard,MF,Ceará,0,26,8,30.8,0.99,0.30,0.00,0.00,19.8,0,0,0,1.5,1.5,0.06,-1.5,-1.5,e90aa5da
Richardson,MF,Ceará,0,11,0,0.0,0.48,0.00,0.00,,29.4,0,0,0,0.2,0.2,0.02,-0.2,-0.2,ef6b8a6b
Rickson,MFFW,Atl Goianiense,0,1,0,0.0,1.29,0.00,0.00,,13.2,0,0,0,0.2,0.2,0.17,-0.2,-0.2,96a35d1b
Emiliano Rigoni,FWMF,São Paulo,0,5,0,0.0,1.84,0.00,0.00,,25.2,1,0,0,0.2,0.2,0.05,-0.2,-0.2,a1216563
Rikelme,DF,Cuiabá,0,1,0,0.0,5.29,0.00,0.00,,18.3,0,0,0,0.0,0.0,0.01,0.0,0.0,637cdc49
Rikelmi,DF,Botafogo (RJ),0,0,0,,0.00,0.00,,,,0,0,0,0.0,0.0,,0.0,0.0,b2ffcf77
Cristian Rivas,MF,Cuiabá,0,2,1,50.0,0.84,0.42,0.00,0.00,27.1,0,0,0,0.1,0.1,0.03,-0.1,-0.1,bc4d05c0
Zé Roberto,FW,Ceará,2,14,6,42.9,1.71,0.73,0.07,0.17,17.7,0,1,1,1.8,1.0,0.07,+0.2,0.0,810033a1
Robinho,MF,Coritiba,0,7,1,14.3,0.71,0.10,0.00,0.00,21.3,1,0,0,0.3,0.3,0.05,-0.3,-0.3,8f8809b9
Robson,FWMF,Fortaleza,4,44,14,31.8,2.73,0.87,0.09,0.29,20.7,2,0,1,5.7,4.9,0.11,-1.7,-0.9,e29eff7a
Felipe Rocha,FW,Avaí,0,1,1,100.0,2.14,2.14,0.00,0.00,16.1,0,0,0,0.3,0.3,0.25,-0.3,-0.3,a961e1c4
Kaique Rocha,DF,Internacional,0,4,1,25.0,0.80,0.20,0.00,0.00,13.7,0,0,0,0.3,0.3,0.08,-0.3,-0.3,b31d385e
Marcos Rocha,DF,Palmeiras,0,2,0,0.0,0.08,0.00,0.00,,23.6,0,0,0,0.0,0.0,0.02,0.0,0.0,fdd2f275
Pedro Rocha Neves,FW,Atl Paranaense,0,2,0,0.0,0.64,0.00,0.00,,33.9,0,0,0,0.1,0.1,0.04,-0.1,-0.1,b33e0095
Pedro Rocha Neves,FWMF,Fortaleza,3,18,5,27.8,2.33,0.65,0.11,0.40,20.3,0,1,1,2.2,1.4,0.08,+0.8,+0.6,b33e0095
Rodinei,DF,Flamengo,0,5,1,20.0,0.51,0.10,0.00,0.00,17.2,0,0,0,0.4,0.4,0.08,-0.4,-0.4,7696cc85
Rodrigo,FWMF,São Paulo,0,2,1,50.0,2.61,1.30,0.00,0.00,26.1,0,0,0,0.1,0.1,0.03,-0.1,-0.1,1126f4e2
Rodrigo,DF,Avaí,0,1,0,0.0,0.19,0.00,0.00,,8.8,0,0,0,0.2,0.2,0.15,-0.2,-0.2,cdfb04f5
Élton Rodrigues Brandão,FW,Cuiabá,1,6,2,33.3,1.82,0.61,0.00,0.00,16.2,0,1,1,1.4,0.6,0.10,-0.4,-0.6,e59be3c8
Raphael Rodrigues,DF,Avaí,0,0,0,,0.00,0.00,,,,0,0,0,0.0,0.0,,0.0,0.0,548640cf
Rodriguinho,MF,América (MG),0,1,0,0.0,0.48,0.00,0.00,,34.0,0,0,0,0.0,0.0,0.02,0.0,0.0,4565dde3
Romarinho,FWMF,Fortaleza,3,35,7,20.0,2.40,0.48,0.09,0.43,20.9,0,0,0,2.0,2.0,0.06,+1.0,+1.0,1e7d2cc0
Braian Romero,FW,Internacional,2,13,6,46.2,3.38,1.56,0.15,0.33,13.3,0,0,0,2.0,2.0,0.15,0.0,0.0,c5cc3130
Silvio Romero,FW,Fortaleza,2,32,11,34.4,2.49,0.85,0.06,0.18,15.0,1,0,1,4.6,3.8,0.12,-2.6,-1.8,6a00c4b0
Rômulo,FW,Atl Paranaense,1,22,7,31.8,1.66,0.53,0.05,0.14,16.7,1,0,0,1.8,1.8,0.08,-0.8,-0.8,03dd053e
Romulo,DF,Juventude,1,1,1,100.0,0.53,0.53,1.00,1.00,6.1,0,0,0,0.4,0.4,0.35,+0.6,+0.6,395e0e95
Rômulo,FWMF,Avaí,0,9,4,44.4,1.91,0.85,0.00,0.00,22.8,0,0,0,1.0,1.0,0.11,-1.0,-1.0,9a6eb94c
Ronald,MFFW,Fortaleza,0,9,1,11.1,0.77,0.09,0.00,0.00,23.0,0,0,0,0.3,0.3,0.03,-0.3,-0.3,cc119c66
Ronaldo,GK,Atl Goianiense,0,0,0,,0.00,0.00,,,,0,0,0,0.0,0.0,,0.0,0.0,711c08dc
Budiga Roni,MF,Corinthians,0,10,2,20.0,1.20,0.24,0.00,0.00,19.9,0,0,0,1.2,1.2,0.12,-1.2,-1.2,af433614
Rony,FW,Palmeiras,12,83,26,31.3,3.13,0.98,0.14,0.46,13.5,0,0,0,11.4,11.4,0.14,+0.6,+0.6,bffd5e50
Vitor Roque,FW,Atl Paranaense,5,40,17,42.5,2.74,1.16,0.13,0.29,14.8,0,0,0,5.7,5.7,0.14,-0.7,-0.7,cb00f1e6
Ruan,FWMF,Juventude,0,4,1,25.0,1.62,0.41,0.00,0.00,21.1,0,0,0,0.2,0.2,0.05,-0.2,-0.2,07c41bf4
Rubens,DFMF,Atlético Mineiro,1,21,5,23.8,1.54,0.37,0.05,0.20,22.8,0,0,0,0.9,0.9,0.04,+0.1,+0.1,ae23d044
Óscar Ruiz,MFFW,Juventude,5,19,6,31.6,1.73,0.55,0.26,0.83,14.4,0,0,0,1.8,1.8,0.09,+3.2,+3.2,620ce7b1
Rwan,FWMF,Santos,2,17,7,41.2,3.30,1.36,0.06,0.14,15.9,0,1,1,2.4,1.6,0.09,-0.4,-0.6,568a75fd
João Victor Santos Sá,FW,Botafogo (RJ),2,16,6,37.5,0.83,0.31,0.13,0.33,17.1,0,0,0,1.7,1.7,0.09,+0.3,+0.3,1a1033a1
Matheus Sales,MFDF,Goiás,0,13,2,15.4,0.65,0.10,0.00,0.00,22.4,0,0,0,1.0,1.0,0.08,-1.0,-1.0,c3c175c4
Philipe Sampaio,DF,Botafogo (RJ),0,4,0,0.0,0.32,0.00,0.00,,11.9,0,0,0,0.3,0.3,0.08,-0.3,-0.3,72733d93
Carlos Sánchez,MF,Santos,0,15,3,20.0,1.73,0.35,0.00,0.00,23.1,5,0,0,0.7,0.7,0.05,-0.7,-0.7,a6dbad80
Sandry,MF,Santos,0,6,2,33.3,0.78,0.26,0.00,0.00,24.4,0,0,0,0.4,0.4,0.06,-0.4,-0.4,8ceeabef
Alex Santana,MF,Atl Paranaense,2,17,5,29.4,1.72,0.51,0.12,0.40,21.6,0,0,0,1.4,1.4,0.08,+0.6,+0.6,e75dc411
Santos,GK,Flamengo,0,0,0,,0.00,0.00,,,,0,0,0,0.0,0.0,,0.0,0.0,b8d0b69c
Ademir Santos,FWMF,Atlético Mineiro,2,39,13,33.3,2.35,0.78,0.05,0.15,17.1,0,0,0,3.4,3.4,0.09,-1.4,-1.4,4b7d58c2
Chayene Santos,MFFW,Botafogo (RJ),0,13,4,30.8,2.01,0.62,0.00,0.00,22.0,0,0,0,0.8,0.8,0.06,-0.8,-0.8,64a427b4
Fábio Santos,DF,Corinthians,3,7,3,42.9,0.40,0.17,0.14,0.33,16.0,0,2,2,2.0,0.4,0.06,+1.0,+0.6,d0d786fd
Guilherme Santos,FWMF,Bragantino,0,0,0,,0.00,0.00,,,,0,0,0,0.0,0.0,,0.0,0.0,6eae9de6
Gustavo Santos,FW,Avaí,0,1,0,0.0,4.74,0.00,0.00,,,,0,0,,,,,,93913c8e
Juan Santos,FW,São Paulo,1,1,1,100.0,1.61,1.61,1.00,1.00,11.3,0,0,0,0.3,0.3,0.31,+0.7,+0.7,ad89aa96
Júnior Santos,FWMF,Botafogo (RJ),1,25,7,28.0,2.10,0.59,0.04,0.14,16.4,0,0,0,1.9,1.9,0.07,-0.9,-0.9,9109e933
Luis Eduardo Marques dos Santos,DF,Atl Goianiense,1,14,5,35.7,0.77,0.28,0.07,0.20,17.2,0,0,0,0.8,0.8,0.06,+0.2,+0.2,5c5a0d4d
Matheus Santos,MF,Goiás,0,0,0,,0.00,0.00,,,,0,0,0,0.0,0.0,,0.0,0.0,48125180
Rafael Santos,DF,Coritiba,0,9,1,11.1,0.71,0.08,0.00,0.00,27.4,1,0,0,0.2,0.2,0.02,-0.2,-0.2,c72a6057
Mateus Sarará,MF,Avaí,1,3,1,33.3,0.63,0.21,0.33,1.00,27.5,0,0,0,0.1,0.1,0.02,+0.9,+0.9,1b4c1c9c
Renzo Saravia,DFMF,Botafogo (RJ),0,12,3,25.0,0.60,0.15,0.00,0.00,18.5,0,0,0,1.4,1.4,0.11,-1.4,-1.4,cf316639
Eduardo Sasha,FWMF,Atlético Mineiro,3,39,13,33.3,2.72,0.91,0.08,0.23,15.6,0,0,0,4.2,4.2,0.11,-1.2,-1.2,b938b871
Lucas Sasha,MF,Fortaleza,1,13,5,38.5,0.92,0.35,0.08,0.20,20.5,0,0,0,0.8,0.8,0.06,+0.2,+0.2,2e2ec9cf
Gustavo Sauer,FWMF,Botafogo (RJ),0,8,3,37.5,2.51,0.94,0.00,0.00,24.8,0,0,0,0.3,0.3,0.04,-0.3,-0.3,fd53959e
Jefferson Savarino,FW,Atlético Mineiro,2,4,3,75.0,4.00,3.00,0.50,0.67,10.6,0,0,0,1.1,1.1,0.28,+0.9,+0.9,91721722
Sávio,FWMF,Atlético Mineiro,1,6,2,33.3,2.55,0.85,0.17,0.50,19.1,0,0,0,0.6,0.6,0.10,+0.4,+0.4,fe6e7156
Savio,DF,Goiás,0,5,1,20.0,0.53,0.11,0.00,0.00,23.9,2,0,0,0.2,0.2,0.04,-0.2,-0.2,3e8c6e2c
Gustavo Scarpa,MFFW,Palmeiras,7,112,33,29.5,3.91,1.15,0.03,0.09,25.4,26,4,5,10.1,6.2,0.06,-3.1,-3.2,2964fd20
Cleiton Schwengber,GK,Bragantino,0,0,0,,0.00,0.00,,,,0,0,0,0.0,0.0,,0.0,0.0,d24ae824
Shaylon,FWMF,Atl Goianiense,3,31,11,35.5,2.06,0.73,0.10,0.27,21.9,1,0,0,1.7,1.7,0.05,+1.3,+1.3,69c11ef0
Sidcley,DFMF,Cuiabá,1,2,1,50.0,0.54,0.27,0.50,1.00,26.7,0,0,0,0.1,0.1,0.04,+0.9,+0.9,a5e96539
Sidimar,DF,Goiás,0,3,0,0.0,0.60,0.00,0.00,,19.1,0,0,0,0.3,0.3,0.08,-0.3,-0.3,080fc1f0
Sidnei,DF,Goiás,0,2,0,0.0,0.61,0.00,0.00,,13.8,0,0,0,0.1,0.1,0.04,-0.1,-0.1,b14d0c5d
Pablo Siles,MF,Atl Paranaense,0,1,0,0.0,0.57,0.00,0.00,,28.3,0,0,0,0.0,0.0,0.02,0.0,0.0,cca1e0b5
Aderlan Silva,DF,Bragantino,1,15,3,20.0,0.50,0.10,0.07,0.33,18.4,0,0,0,0.7,0.7,0.05,+0.3,+0.3,48371573
Bruno Silva,MF,Avaí,0,14,2,14.3,0.48,0.07,0.00,0.00,16.1,0,0,0,1.6,1.6,0.11,-1.6,-1.6,6efbf91e
Da Silva,DF,Goiás,1,5,2,40.0,0.79,0.32,0.20,0.50,23.7,0,0,0,0.4,0.4,0.08,+0.6,+0.6,4772a037
Cristiano da Silva Leite,DF,Fluminense,0,11,5,45.5,1.32,0.60,0.00,0.00,24.8,0,0,0,0.6,0.6,0.05,-0.6,-0.6,2567b7b6
Felipe Silva Lipe,DF,Avaí,1,2,2,100.0,0.67,0.67,0.50,0.50,3.5,0,0,0,0.7,0.7,0.44,+0.3,+0.3,6b2bfcda
Lucas Silva,FWMF,Avaí,0,2,0,0.0,1.64,0.00,0.00,,18.9,0,0,0,0.1,0.1,0.04,-0.1,-0.1,aa47c6ce
Marcão Silva,MFDF,Cuiabá,0,15,5,33.3,1.07,0.36,0.00,0.00,14.7,0,0,0,2.1,2.1,0.14,-2.1,-2.1,e7f8bf4a
Márcio Silva,DF,Coritiba,0,0,0,,0.00,0.00,,,,0,0,0,0.0,0.0,,0.0,0.0,7ee2ea5b
Nathan Silva,DF,Atlético Mineiro,0,10,1,10.0,0.52,0.05,0.00,0.00,7.1,0,0,0,1.3,1.3,0.13,-1.3,-1.3,369d907c
Ricardo Silva,DF,América (MG),0,4,0,0.0,0.48,0.00,0.00,,13.4,0,0,0,0.2,0.2,0.04,-0.2,-0.2,a5075276
Miguel Silveira,MFFW,Bragantino,1,10,6,60.0,1.59,0.96,0.10,0.17,16.3,1,0,0,0.9,0.9,0.09,+0.1,+0.1,281942c4
Vinicius Silvestre,GK,Palmeiras,0,0,0,,0.00,0.00,,,,0,0,0,0.0,0.0,,0.0,0.0,1944518a
Jailson Siqueira,MF,Palmeiras,0,1,0,0.0,4.74,0.00,0.00,,16.8,0,0,0,0.0,0.0,0.04,0.0,0.0,b4819112
Everton Soares,FWMF,Flamengo,2,44,14,31.8,2.80,0.89,0.05,0.14,17.5,1,0,0,3.2,3.2,0.07,-1.2,-1.2,b1cbc666
Tiquinho Soares,FW,Botafogo (RJ),6,47,19,40.4,3.42,1.38,0.11,0.26,17.8,3,1,1,5.4,4.6,0.10,+0.6,+0.4,4d982baf
Fernando Sobral,MF,Ceará,1,18,8,44.4,1.61,0.72,0.06,0.13,23.8,0,0,0,0.9,0.9,0.05,+0.1,+0.1,c012aacd
Yeferson Soteldo,FWMF,Santos,0,12,3,25.0,1.91,0.48,0.00,0.00,21.8,2,0,0,0.6,0.6,0.05,-0.6,-0.6,bbb6c951
Yan Souto,DF,Goiás,1,3,1,33.3,0.44,0.15,0.33,1.00,9.7,0,0,0,0.2,0.2,0.05,+0.8,+0.8,2dffc479
Hugo Souza,GK,Flamengo,0,0,0,,0.00,0.00,,,,0,0,0,0.0,0.0,,0.0,0.0,c02e5af1
Igor Vinícius de Souza,DFFW,São Paulo,1,11,2,18.2,0.85,0.15,0.09,0.50,19.5,1,0,0,0.8,0.8,0.07,+0.2,+0.2,ec95088d
Bruno Tabata,FW,Palmeiras,0,7,0,0.0,1.34,0.00,0.00,,,,0,0,,,,,,33fdf90d
Tadeu,GK,Goiás,0,1,0,0.0,0.03,0.00,0.00,,9.2,0,0,0,0.1,0.1,0.09,-0.1,-0.1,8445554f
Tailson,FWDF,Santos,0,0,0,,0.00,0.00,,,,0,0,0,0.0,0.0,,0.0,0.0,200b381d
Taison,MFFW,Internacional,1,13,5,38.5,1.61,0.62,0.08,0.20,19.9,1,0,0,1.9,1.9,0.15,-0.9,-0.9,7272a72a
Tchê Tchê,MF,Botafogo (RJ),1,18,4,22.2,0.70,0.16,0.06,0.25,21.6,0,0,0,1.4,1.4,0.08,-0.4,-0.4,5f2caf8f
David Terans,MF,Atl Paranaense,12,75,22,29.3,3.36,0.99,0.08,0.27,26.4,8,6,7,9.8,4.3,0.06,+2.2,+1.7,d3d89d8d
Miguel Terceros,FW,Santos,0,2,1,50.0,7.50,3.75,0.00,0.00,22.3,0,0,0,0.1,0.1,0.05,-0.1,-0.1,d66ed604
Thiago,GK,São Paulo,0,0,0,,0.00,0.00,,,,0,0,0,0.0,0.0,,0.0,0.0,602d20ae
Guilherme Tinga,DF,Fortaleza,0,11,5,45.5,0.84,0.38,0.00,0.00,20.7,0,0,0,0.7,0.7,0.06,-0.7,-0.7,a8331ab0
Titi,DF,Fortaleza,0,5,0,0.0,0.16,0.00,0.00,,13.6,0,0,0,0.5,0.5,0.11,-0.5,-0.5,ea41ddf7
Igor Torres,FWMF,Fortaleza,0,0,0,,0.00,0.00,,,,0,0,0,0.0,0.0,,0.0,0.0,cc9b11b1
Jesús Trindade,MF,Coritiba,0,9,3,33.3,0.62,0.21,0.00,0.00,28.3,1,0,0,0.2,0.2,0.02,-0.2,-0.2,066e9f5d
Bruno Tubarão,FWMF,Bragantino,0,9,4,44.4,1.79,0.79,0.00,0.00,20.3,0,0,0,0.6,0.6,0.07,-0.6,-0.6,5411ef4f
Uendel,DF,Cuiabá,1,6,2,33.3,0.41,0.14,0.17,0.50,26.2,0,0,0,0.2,0.2,0.04,+0.8,+0.8,0bd9e045
Valdemir,MF,Coritiba,0,19,4,21.1,2.77,0.58,0.00,0.00,29.8,1,0,0,0.5,0.5,0.03,-0.5,-0.5,82cca681
Valdívia,MFFW,Cuiabá,2,41,12,29.3,2.67,0.78,0.05,0.17,21.0,5,0,0,2.4,2.4,0.06,-0.4,-0.4,e12be458
Vanderlan,DF,Palmeiras,1,4,3,75.0,0.55,0.41,0.25,0.33,26.0,0,0,0,0.7,0.7,0.17,+0.3,+0.3,bd8432ff
Guillermo Varela,DF,Flamengo,0,0,0,,0.00,0.00,,,,0,0,0,0.0,0.0,,0.0,0.0,5c961282
Eduardo Vargas,FW,Atlético Mineiro,5,35,13,37.1,2.76,1.03,0.09,0.23,19.8,0,2,2,5.2,3.6,0.10,-0.2,-0.6,bd603c00
Matheus de Vargas,MF,Fortaleza,0,15,5,33.3,3.23,1.08,0.00,0.00,25.7,0,0,0,0.9,0.9,0.06,-0.9,-0.9,e43a07d4
Jhon Vasquez,FWMF,Ceará,0,7,4,57.1,1.52,0.87,0.00,0.00,17.5,0,0,0,0.3,0.3,0.05,-0.3,-0.3,b6832e5e
Rafael Vaz,DF,Avaí,0,19,4,21.1,1.22,0.26,0.00,0.00,27.2,7,0,0,0.6,0.6,0.03,-0.6,-0.6,244fc074
Raphael Veiga,MF,Palmeiras,3,37,8,21.6,2.64,0.57,0.03,0.13,23.3,2,2,3,4.6,2.3,0.06,-1.6,-1.3,6e5a3bc7
Emiliano Velázquez,DF,Santos,0,0,0,,0.00,0.00,,,,0,0,0,0.0,0.0,,0.0,0.0,5efb80d5
Fausto Vera,MF,Corinthians,0,26,4,15.4,1.80,0.28,0.00,0.00,22.6,0,0,0,1.2,1.2,0.05,-1.2,-1.2,8b3b381b
Gabriel Veron,FWMF,Palmeiras,1,11,6,54.5,1.74,0.95,0.09,0.17,20.5,0,0,0,0.8,0.8,0.07,+0.2,+0.2,6bc49da7
João Vialle,DF,Atl Paranaense,0,0,0,,0.00,0.00,,,,0,0,0,0.0,0.0,,0.0,0.0,c63a8bf0
João Victor,MF,Ceará,0,2,1,50.0,11.25,5.63,0.00,0.00,19.1,0,0,0,0.1,0.1,0.04,-0.1,-0.1,e78d763e
João Victor,DF,Corinthians,0,2,0,0.0,0.37,0.00,0.00,,15.9,0,0,0,0.0,0.0,0.02,0.0,0.0,d60cf08d
Marcos Victor,DF,Ceará,0,1,0,0.0,0.25,0.00,0.00,,33.0,0,0,0,0.0,0.0,0.01,0.0,0.0,d714fc5a
Arturo Vidal,MF,Flamengo,2,8,2,25.0,0.86,0.22,0.13,0.50,20.7,0,1,1,1.8,1.0,0.13,+0.2,0.0,67cdbc0e
Caio Vidal,FWMF,Internacional,0,6,0,0.0,3.46,0.00,0.00,,20.5,0,0,0,0.3,0.3,0.04,-0.3,-0.3,599ab970
Elvis Vieira Araújo,MFFW,Goiás,4,8,2,25.0,0.85,0.21,0.13,0.50,32.4,5,3,3,2.9,0.5,0.07,+1.1,+0.5,b5391b63
Gabriel Vieira,FW,Palmeiras,0,0,0,,0.00,0.00,,,,0,0,0,0.0,0.0,,0.0,0.0,63904ba9
Luan Vieira,MFFW,Santos,1,8,3,37.5,1.59,0.60,0.13,0.33,19.7,1,0,0,0.5,0.5,0.06,+0.5,+0.5,c4f6bf06
Marcos Vinicios Sorriso,FW,Bragantino,2,23,9,39.1,1.53,0.60,0.09,0.22,17.3,0,0,0,3.3,3.3,0.14,-1.3,-1.3,e816a8ee
Vinícius,FWMF,Ceará,3,68,22,32.4,2.55,0.83,0.04,0.14,21.9,9,0,0,4.0,4.0,0.06,-1.0,-1.0,ee01c84d
Vinicius,MFDF,Santos,0,1,0,0.0,1.20,0.00,0.00,,9.5,0,0,0,0.1,0.1,0.06,-0.1,-0.1,ab3ef9c4
Vinícius,MFFW,Goiás,2,41,10,24.4,1.89,0.46,0.05,0.20,19.9,0,0,0,1.9,1.9,0.05,+0.1,+0.1,b6bd2b80
Vinícius,FW,Botafogo (RJ),2,15,4,26.7,1.55,0.41,0.13,0.50,15.6,0,0,0,2.0,2.0,0.13,0.0,0.0,ecce7383
Caio Vinícius,MF,Goiás,0,10,1,10.0,0.58,0.06,0.00,0.00,11.6,0,0,0,1.0,1.0,0.10,-1.0,-1.0,8529df9f
Mateus Vital,FWMF,Corinthians,0,12,2,16.7,1.46,0.24,0.00,0.00,21.5,0,0,0,0.6,0.6,0.05,-0.6,-0.6,db9c8fa4
Vitão,DF,Internacional,2,11,4,36.4,0.36,0.13,0.18,0.50,9.9,0,0,0,1.0,1.0,0.09,+1.0,+1.0,d4f034db
Vitinho,FW,Atl Paranaense,2,37,15,40.5,2.33,0.95,0.05,0.13,16.5,0,0,0,3.2,3.2,0.09,-1.2,-1.2,06d4b2e4
Vitinho,FWMF,Flamengo,0,15,4,26.7,2.81,0.75,0.00,0.00,14.0,0,0,0,2.1,2.1,0.14,-2.1,-2.1,a9e68c94
Vitinho,FWMF,Avaí,0,6,2,33.3,1.49,0.50,0.00,0.00,19.7,0,0,0,0.4,0.4,0.07,-0.4,-0.4,5e5cc7a9
João Vitor,MF,Coritiba,0,0,0,,0.00,0.00,,,,0,0,0,0.0,0.0,,0.0,0.0,b8d3d5ee
Vladimir,GK,Avaí,0,0,0,,0.00,0.00,,,,0,0,0,0.0,0.0,,0.0,0.0,bbae502c
Max Walef,GK,Fortaleza,0,0,0,,0.00,0.00,,,,0,0,0,0.0,0.0,,0.0,0.0,6411a48d
Walter,GK,Cuiabá,0,0,0,,0.00,0.00,,,,0,0,0,0.0,0.0,,0.0,0.0,8bae322b
Wanderson,DF,Atl Goianiense,0,10,1,10.0,0.37,0.04,0.00,0.00,11.0,0,0,0,0.8,0.8,0.08,-0.8,-0.8,f612025c
Wanderson,FWMF,Internacional,6,39,16,41.0,2.19,0.90,0.15,0.38,17.2,0,0,0,3.3,3.2,0.08,+2.7,+2.8,5da33b33
Warley,FWMF,Coritiba,0,8,2,25.0,1.29,0.32,0.00,0.00,17.5,0,0,0,0.5,0.5,0.07,-0.5,-0.5,8f385e2e
Welington,DFFW,São Paulo,0,15,6,40.0,0.81,0.32,0.00,0.00,22.0,0,0,0,0.9,0.9,0.06,-0.9,-0.9,a7f95b1f
José Welison,MF,Fortaleza,2,29,6,20.7,1.51,0.31,0.07,0.33,28.2,3,0,0,1.0,0.9,0.03,+1.0,+1.1,b6cb4d16
Weliton,MF,Juventude,0,1,0,0.0,90.00,0.00,0.00,,16.3,0,0,0,0.1,0.1,0.07,-0.1,-0.1,721322fb
Wellington,DF,Avaí,0,1,0,0.0,0.33,0.00,0.00,,3.8,0,0,0,0.2,0.2,0.24,-0.2,-0.2,ed36f825
Welliton,MFFW,Bragantino,0,0,0,,0.00,0.00,,,,0,0,0,0.0,0.0,,0.0,0.0,d1a7e953
Wendell,MF,Ceará,0,0,0,,0.00,0.00,,,,0,0,0,0.0,0.0,,0.0,0.0,82b7e058
Werik,FW,Bragantino,3,16,5,31.3,2.80,0.87,0.19,0.60,12.2,0,0,0,2.6,2.6,0.16,+0.4,+0.4,8b20ba5f
Werton,FW,Flamengo,1,1,1,100.0,3.10,3.10,1.00,1.00,9.5,0,0,0,0.2,0.2,0.23,+0.8,+0.8,d07bde9d
Wescley,MF,Ceará,0,0,0,,0.00,0.00,,,,0,0,0,0.0,0.0,,0.0,0.0,5a43c680
Wesley,FW,Palmeiras,1,26,7,26.9,3.61,0.97,0.04,0.14,16.6,0,0,0,2.3,2.3,0.09,-1.3,-1.3,434de3a3
Weverson,MF,Bragantino,0,1,0,0.0,2.00,0.00,0.00,,12.1,0,0,0,0.1,0.1,0.09,-0.1,-0.1,b9829bf7
Weverton,DF,Internacional,0,1,0,0.0,2.00,0.00,0.00,,34.8,0,0,0,0.0,0.0,0.01,0.0,0.0,6ae59cc2
Wéverton,GK,Palmeiras,0,0,0,,0.00,0.00,,,,0,0,0,0.0,0.0,,0.0,0.0,81be82e9
Rafael William,GK,Coritiba,0,0,0,,0.00,0.00,,,,0,0,0,0.0,0.0,,0.0,0.0,eb9f6c10
Willian,FWMF,Fluminense,3,11,8,72.7,2.09,1.52,0.27,0.38,18.3,1,0,0,1.5,1.5,0.14,+1.5,+1.5,1f85d0c8
Willian,FW,Corinthians,0,14,7,50.0,1.52,0.76,0.00,0.00,25.7,3,0,0,0.7,0.7,0.05,-0.7,-0.7,8b9ebd03
Xavier,MF,Corinthians,0,0,0,,0.00,0.00,,,,0,0,0,0.0,0.0,,0.0,0.0,f16ed217
Samuel Xavier,DF,Fluminense,2,29,7,24.1,0.92,0.22,0.07,0.29,19.9,0,0,0,1.7,1.7,0.06,+0.3,+0.3,0c870df5
Yago,MFDF,Fluminense,0,21,7,33.3,1.67,0.56,0.00,0.00,18.6,2,0,0,2.0,2.0,0.09,-2.0,-2.0,e2add0e7
Ytalo,FW,Bragantino,3,12,4,33.3,1.73,0.58,0.25,0.75,16.8,0,0,0,1.3,1.3,0.11,+1.7,+1.7,423e3d0b
Marcos Ytalo,DF,Ceará,0,4,1,25.0,2.24,0.56,0.00,0.00,19.4,0,0,0,0.1,0.1,0.04,-0.1,-0.1,70053afc
Vinícius Zanocelo,MF,Santos,3,49,14,28.6,2.20,0.63,0.06,0.21,22.5,3,0,0,3.3,3.3,0.07,-0.3,-0.3,27457e83
Federico Zaracho,MFFW,Atlético Mineiro,2,42,9,21.4,2.01,0.43,0.05,0.22,14.9,0,0,0,3.9,3.9,0.10,-1.9,-1.9,803d5265
